11/3/2016
11:26:53 AM

0, CH+=0, CH-=199, Range=+/-10, y=a


Time	v0	y0
0.000000	0.853782	0.853782
0.002000	0.852517	0.852517
0.004000	0.852833	0.852833
0.006000	0.854730	0.854730
0.008000	0.853782	0.853782
0.010000	0.853465	0.853465
0.012000	0.854098	0.854098
0.014000	0.853782	0.853782
0.016000	0.852201	0.852201
0.018000	0.852833	0.852833
0.020000	0.853465	0.853465
0.022000	0.854098	0.854098
0.024000	0.852833	0.852833
0.026000	0.852833	0.852833
0.028000	0.854414	0.854414
0.030000	0.852517	0.852517
0.032000	0.854098	0.854098
0.034000	0.852517	0.852517
0.036000	0.854414	0.854414
0.038000	0.854098	0.854098
0.040000	0.852833	0.852833
0.042000	0.852833	0.852833
0.044000	0.854414	0.854414
0.046000	0.854098	0.854098
0.048000	0.853149	0.853149
0.050000	0.854098	0.854098
0.052000	0.853149	0.853149
0.054000	0.853465	0.853465
0.056000	0.853465	0.853465
0.058000	0.854730	0.854730
0.060000	0.852833	0.852833
0.062000	0.853149	0.853149
0.064000	0.852517	0.852517
0.066000	0.853149	0.853149
0.068000	0.853782	0.853782
0.070000	0.853465	0.853465
0.072000	0.853465	0.853465
0.074000	0.853149	0.853149
0.076000	0.854730	0.854730
0.078000	0.852833	0.852833
0.080000	0.852201	0.852201
0.082000	0.854730	0.854730
0.084000	0.853465	0.853465
0.086000	0.852833	0.852833
0.088000	0.852833	0.852833
0.090000	0.853465	0.853465
0.092000	0.851569	0.851569
0.094000	0.853465	0.853465
0.096000	0.852517	0.852517
0.098000	0.854098	0.854098
0.100000	0.852201	0.852201
0.102000	0.852201	0.852201
0.104000	0.853465	0.853465
0.106000	0.852833	0.852833
0.108000	0.852833	0.852833
0.110000	0.854098	0.854098
0.112000	0.852833	0.852833
0.114000	0.850621	0.850621
0.116000	0.853149	0.853149
0.118000	0.853465	0.853465
0.120000	0.851569	0.851569
0.122000	0.853465	0.853465
0.124000	0.853149	0.853149
0.126000	0.852833	0.852833
0.128000	0.853782	0.853782
0.130000	0.850937	0.850937
0.132000	0.853149	0.853149
0.134000	0.852833	0.852833
0.136000	0.851253	0.851253
0.138000	0.851885	0.851885
0.140000	0.851569	0.851569
0.142000	0.852517	0.852517
0.144000	0.853465	0.853465
0.146000	0.852833	0.852833
0.148000	0.851569	0.851569
0.150000	0.852201	0.852201
0.152000	0.853149	0.853149
0.154000	0.852833	0.852833
0.156000	0.853149	0.853149
0.158000	0.852201	0.852201
0.160000	0.853465	0.853465
0.162000	0.852201	0.852201
0.164000	0.852833	0.852833
0.166000	0.853149	0.853149
0.168000	0.853465	0.853465
0.170000	0.853782	0.853782
0.172000	0.851253	0.851253
0.174000	0.853782	0.853782
0.176000	0.854098	0.854098
0.178000	0.853782	0.853782
0.180000	0.853149	0.853149
0.182000	0.853465	0.853465
0.184000	0.852833	0.852833
0.186000	0.853149	0.853149
0.188000	0.851885	0.851885
0.190000	0.852201	0.852201
0.192000	0.853782	0.853782
0.194000	0.852201	0.852201
0.196000	0.854414	0.854414
0.198000	0.851885	0.851885
0.200000	0.852517	0.852517
0.202000	0.853149	0.853149
0.204000	0.853465	0.853465
0.206000	0.852517	0.852517
0.208000	0.851253	0.851253
0.210000	0.852517	0.852517
0.212000	0.853465	0.853465
0.214000	0.852201	0.852201
0.216000	0.853149	0.853149
0.218000	0.853149	0.853149
0.220000	0.853782	0.853782
0.222000	0.854414	0.854414
0.224000	0.852517	0.852517
0.226000	0.854098	0.854098
0.228000	0.852517	0.852517
0.230000	0.852517	0.852517
0.232000	0.853465	0.853465
0.234000	0.854098	0.854098
0.236000	0.852833	0.852833
0.238000	0.854098	0.854098
0.240000	0.851569	0.851569
0.242000	0.853782	0.853782
0.244000	0.852201	0.852201
0.246000	0.854730	0.854730
0.248000	0.852833	0.852833
0.250000	0.852201	0.852201
0.252000	0.853465	0.853465
0.254000	0.853465	0.853465
0.256000	0.855362	0.855362
0.258000	0.852201	0.852201
0.260000	0.852833	0.852833
0.262000	0.852833	0.852833
0.264000	0.852201	0.852201
0.266000	0.852201	0.852201
0.268000	0.852833	0.852833
0.270000	0.852201	0.852201
0.272000	0.853465	0.853465
0.274000	0.854414	0.854414
0.276000	0.852517	0.852517
0.278000	0.853465	0.853465
0.280000	0.852517	0.852517
0.282000	0.853465	0.853465
0.284000	0.852201	0.852201
0.286000	0.854730	0.854730
0.288000	0.854098	0.854098
0.290000	0.853149	0.853149
0.292000	0.854414	0.854414
0.294000	0.854730	0.854730
0.296000	0.854098	0.854098
0.298000	0.853782	0.853782
0.300000	0.854414	0.854414
0.302000	0.853465	0.853465
0.304000	0.853782	0.853782
0.306000	0.852833	0.852833
0.308000	0.851885	0.851885
0.310000	0.852517	0.852517
0.312000	0.853465	0.853465
0.314000	0.852833	0.852833
0.316000	0.853465	0.853465
0.318000	0.854098	0.854098
0.320000	0.852517	0.852517
0.322000	0.853465	0.853465
0.324000	0.854730	0.854730
0.326000	0.855046	0.855046
0.328000	0.852833	0.852833
0.330000	0.853782	0.853782
0.332000	0.854098	0.854098
0.334000	0.853465	0.853465
0.336000	0.853465	0.853465
0.338000	0.854730	0.854730
0.340000	0.851569	0.851569
0.342000	0.854098	0.854098
0.344000	0.854098	0.854098
0.346000	0.853465	0.853465
0.348000	0.853465	0.853465
0.350000	0.854414	0.854414
0.352000	0.853465	0.853465
0.354000	0.852517	0.852517
0.356000	0.852517	0.852517
0.358000	0.853465	0.853465
0.360000	0.852833	0.852833
0.362000	0.854098	0.854098
0.364000	0.851885	0.851885
0.366000	0.852833	0.852833
0.368000	0.852201	0.852201
0.370000	0.853465	0.853465
0.372000	0.854414	0.854414
0.374000	0.853149	0.853149
0.376000	0.853465	0.853465
0.378000	0.854098	0.854098
0.380000	0.853465	0.853465
0.382000	0.854730	0.854730
0.384000	0.851885	0.851885
0.386000	0.852517	0.852517
0.388000	0.851253	0.851253
0.390000	0.853465	0.853465
0.392000	0.854098	0.854098
0.394000	0.852201	0.852201
0.396000	0.854098	0.854098
0.398000	0.853782	0.853782
0.400000	0.851885	0.851885
0.402000	0.852833	0.852833
0.404000	0.853149	0.853149
0.406000	0.852517	0.852517
0.408000	0.852201	0.852201
0.410000	0.853782	0.853782
0.412000	0.851885	0.851885
0.414000	0.853465	0.853465
0.416000	0.854730	0.854730
0.418000	0.854098	0.854098
0.420000	0.854098	0.854098
0.422000	0.854098	0.854098
0.424000	0.852517	0.852517
0.426000	0.851569	0.851569
0.428000	0.852517	0.852517
0.430000	0.852517	0.852517
0.432000	0.852201	0.852201
0.434000	0.854414	0.854414
0.436000	0.854414	0.854414
0.438000	0.852517	0.852517
0.440000	0.852201	0.852201
0.442000	0.854098	0.854098
0.444000	0.852833	0.852833
0.446000	0.851253	0.851253
0.448000	0.854098	0.854098
0.450000	0.853782	0.853782
0.452000	0.852517	0.852517
0.454000	0.854098	0.854098
0.456000	0.852517	0.852517
0.458000	0.852833	0.852833
0.460000	0.851885	0.851885
0.462000	0.852517	0.852517
0.464000	0.851885	0.851885
0.466000	0.852833	0.852833
0.468000	0.853465	0.853465
0.470000	0.854098	0.854098
0.472000	0.854098	0.854098
0.474000	0.854414	0.854414
0.476000	0.854414	0.854414
0.478000	0.855046	0.855046
0.480000	0.853782	0.853782
0.482000	0.853465	0.853465
0.484000	0.852201	0.852201
0.486000	0.853149	0.853149
0.488000	0.852833	0.852833
0.490000	0.854414	0.854414
0.492000	0.852517	0.852517
0.494000	0.853465	0.853465
0.496000	0.853465	0.853465
0.498000	0.855362	0.855362
0.500000	0.853149	0.853149
0.502000	0.852833	0.852833
0.504000	0.853465	0.853465
0.506000	0.853465	0.853465
0.508000	0.853149	0.853149
0.510000	0.851569	0.851569
0.512000	0.853149	0.853149
0.514000	0.853465	0.853465
0.516000	0.853149	0.853149
0.518000	0.853465	0.853465
0.520000	0.852517	0.852517
0.522000	0.853465	0.853465
0.524000	0.853465	0.853465
0.526000	0.853149	0.853149
0.528000	0.853149	0.853149
0.530000	0.853149	0.853149
0.532000	0.851885	0.851885
0.534000	0.853149	0.853149
0.536000	0.854098	0.854098
0.538000	0.853782	0.853782
0.540000	0.854098	0.854098
0.542000	0.854098	0.854098
0.544000	0.852833	0.852833
0.546000	0.853465	0.853465
0.548000	0.852833	0.852833
0.550000	0.853465	0.853465
0.552000	0.851253	0.851253
0.554000	0.853465	0.853465
0.556000	0.852201	0.852201
0.558000	0.852517	0.852517
0.560000	0.852833	0.852833
0.562000	0.851569	0.851569
0.564000	0.853465	0.853465
0.566000	0.852517	0.852517
0.568000	0.854414	0.854414
0.570000	0.852517	0.852517
0.572000	0.852517	0.852517
0.574000	0.852201	0.852201
0.576000	0.852833	0.852833
0.578000	0.852833	0.852833
0.580000	0.853465	0.853465
0.582000	0.853149	0.853149
0.584000	0.851885	0.851885
0.586000	0.854098	0.854098
0.588000	0.853465	0.853465
0.590000	0.852833	0.852833
0.592000	0.852201	0.852201
0.594000	0.851885	0.851885
0.596000	0.852517	0.852517
0.598000	0.852833	0.852833
0.600000	0.854098	0.854098
0.602000	0.853782	0.853782
0.604000	0.853782	0.853782
0.606000	0.853465	0.853465
0.608000	0.852201	0.852201
0.610000	0.853465	0.853465
0.612000	0.853782	0.853782
0.614000	0.853782	0.853782
0.616000	0.853782	0.853782
0.618000	0.852201	0.852201
0.620000	0.852517	0.852517
0.622000	0.852517	0.852517
0.624000	0.854098	0.854098
0.626000	0.853149	0.853149
0.628000	0.851885	0.851885
0.630000	0.852517	0.852517
0.632000	0.853465	0.853465
0.634000	0.850937	0.850937
0.636000	0.852517	0.852517
0.638000	0.854098	0.854098
0.640000	0.852833	0.852833
0.642000	0.853149	0.853149
0.644000	0.852517	0.852517
0.646000	0.852833	0.852833
0.648000	0.853465	0.853465
0.650000	0.852201	0.852201
0.652000	0.853782	0.853782
0.654000	0.853465	0.853465
0.656000	0.853149	0.853149
0.658000	0.852833	0.852833
0.660000	0.852833	0.852833
0.662000	0.851569	0.851569
0.664000	0.853149	0.853149
0.666000	0.853465	0.853465
0.668000	0.853465	0.853465
0.670000	0.853465	0.853465
0.672000	0.851885	0.851885
0.674000	0.854414	0.854414
0.676000	0.852517	0.852517
0.678000	0.852517	0.852517
0.680000	0.852201	0.852201
0.682000	0.852201	0.852201
0.684000	0.852201	0.852201
0.686000	0.853782	0.853782
0.688000	0.852201	0.852201
0.690000	0.854098	0.854098
0.692000	0.852833	0.852833
0.694000	0.855678	0.855678
0.696000	0.853149	0.853149
0.698000	0.852833	0.852833
0.700000	0.852833	0.852833
0.702000	0.852201	0.852201
0.704000	0.853782	0.853782
0.706000	0.851885	0.851885
0.708000	0.853149	0.853149
0.710000	0.852517	0.852517
0.712000	0.853465	0.853465
0.714000	0.853149	0.853149
0.716000	0.853465	0.853465
0.718000	0.854098	0.854098
0.720000	0.852201	0.852201
0.722000	0.853149	0.853149
0.724000	0.852201	0.852201
0.726000	0.855046	0.855046
0.728000	0.854414	0.854414
0.730000	0.853782	0.853782
0.732000	0.854414	0.854414
0.734000	0.852833	0.852833
0.736000	0.851885	0.851885
0.738000	0.852201	0.852201
0.740000	0.855046	0.855046
0.742000	0.852517	0.852517
0.744000	0.853782	0.853782
0.746000	0.851885	0.851885
0.748000	0.852517	0.852517
0.750000	0.852201	0.852201
0.752000	0.853465	0.853465
0.754000	0.853465	0.853465
0.756000	0.852517	0.852517
0.758000	0.853465	0.853465
0.760000	0.854098	0.854098
0.762000	0.852833	0.852833
0.764000	0.853149	0.853149
0.766000	0.852833	0.852833
0.768000	0.852833	0.852833
0.770000	0.852201	0.852201
0.772000	0.853465	0.853465
0.774000	0.852517	0.852517
0.776000	0.851885	0.851885
0.778000	0.852833	0.852833
0.780000	0.851569	0.851569
0.782000	0.853149	0.853149
0.784000	0.850621	0.850621
0.786000	0.852517	0.852517
0.788000	0.852833	0.852833
0.790000	0.854098	0.854098
0.792000	0.853465	0.853465
0.794000	0.853782	0.853782
0.796000	0.852833	0.852833
0.798000	0.853465	0.853465
0.800000	0.852201	0.852201
0.802000	0.854098	0.854098
0.804000	0.851885	0.851885
0.806000	0.852517	0.852517
0.808000	0.853149	0.853149
0.810000	0.853465	0.853465
0.812000	0.854730	0.854730
0.814000	0.853782	0.853782
0.816000	0.852833	0.852833
0.818000	0.853149	0.853149
0.820000	0.852833	0.852833
0.822000	0.852201	0.852201
0.824000	0.853465	0.853465
0.826000	0.854098	0.854098
0.828000	0.853149	0.853149
0.830000	0.852833	0.852833
0.832000	0.852833	0.852833
0.834000	0.850621	0.850621
0.836000	0.853465	0.853465
0.838000	0.853465	0.853465
0.840000	0.853149	0.853149
0.842000	0.851885	0.851885
0.844000	0.853782	0.853782
0.846000	0.853782	0.853782
0.848000	0.854098	0.854098
0.850000	0.850937	0.850937
0.852000	0.852517	0.852517
0.854000	0.852833	0.852833
0.856000	0.853149	0.853149
0.858000	0.852201	0.852201
0.860000	0.851569	0.851569
0.862000	0.852517	0.852517
0.864000	0.852517	0.852517
0.866000	0.851885	0.851885
0.868000	0.854098	0.854098
0.870000	0.853782	0.853782
0.872000	0.853465	0.853465
0.874000	0.852517	0.852517
0.876000	0.854098	0.854098
0.878000	0.854098	0.854098
0.880000	0.855678	0.855678
0.882000	0.852201	0.852201
0.884000	0.853782	0.853782
0.886000	0.852517	0.852517
0.888000	0.853782	0.853782
0.890000	0.852833	0.852833
0.892000	0.853149	0.853149
0.894000	0.854730	0.854730
0.896000	0.852833	0.852833
0.898000	0.853149	0.853149
0.900000	0.854414	0.854414
0.902000	0.853465	0.853465
0.904000	0.852201	0.852201
0.906000	0.854098	0.854098
0.908000	0.853782	0.853782
0.910000	0.852201	0.852201
0.912000	0.854098	0.854098
0.914000	0.853782	0.853782
0.916000	0.854730	0.854730
0.918000	0.852201	0.852201
0.920000	0.853465	0.853465
0.922000	0.853782	0.853782
0.924000	0.853465	0.853465
0.926000	0.851569	0.851569
0.928000	0.851885	0.851885
0.930000	0.852517	0.852517
0.932000	0.853465	0.853465
0.934000	0.853782	0.853782
0.936000	0.851569	0.851569
0.938000	0.852201	0.852201
0.940000	0.853149	0.853149
0.942000	0.852517	0.852517
0.944000	0.853149	0.853149
0.946000	0.853149	0.853149
0.948000	0.852517	0.852517
0.950000	0.853465	0.853465
0.952000	0.853465	0.853465
0.954000	0.853465	0.853465
0.956000	0.853465	0.853465
0.958000	0.853465	0.853465
0.960000	0.852833	0.852833
0.962000	0.852517	0.852517
0.964000	0.853465	0.853465
0.966000	0.853465	0.853465
0.968000	0.852201	0.852201
0.970000	0.854414	0.854414
0.972000	0.853465	0.853465
0.974000	0.853149	0.853149
0.976000	0.852833	0.852833
0.978000	0.852201	0.852201
0.980000	0.851569	0.851569
0.982000	0.852201	0.852201
0.984000	0.851569	0.851569
0.986000	0.855046	0.855046
0.988000	0.853465	0.853465
0.990000	0.854414	0.854414
0.992000	0.852517	0.852517
0.994000	0.852201	0.852201
0.996000	0.853782	0.853782
0.998000	0.853149	0.853149
1.000000	0.853149	0.853149
1.002000	0.853149	0.853149
1.004000	0.853149	0.853149
1.006000	0.854730	0.854730
1.008000	0.853149	0.853149
1.010000	0.853149	0.853149
1.012000	0.852517	0.852517
1.014000	0.853465	0.853465
1.016000	0.852517	0.852517
1.018000	0.854098	0.854098
1.020000	0.854730	0.854730
1.022000	0.853465	0.853465
1.024000	0.854098	0.854098
1.026000	0.852517	0.852517
1.028000	0.852517	0.852517
1.030000	0.852517	0.852517
1.032000	0.852201	0.852201
1.034000	0.854414	0.854414
1.036000	0.852833	0.852833
1.038000	0.852517	0.852517
1.040000	0.853465	0.853465
1.042000	0.854414	0.854414
1.044000	0.853465	0.853465
1.046000	0.853782	0.853782
1.048000	0.852517	0.852517
1.050000	0.853465	0.853465
1.052000	0.853465	0.853465
1.054000	0.854098	0.854098
1.056000	0.853465	0.853465
1.058000	0.852517	0.852517
1.060000	0.854730	0.854730
1.062000	0.852517	0.852517
1.064000	0.853782	0.853782
1.066000	0.852517	0.852517
1.068000	0.852833	0.852833
1.070000	0.852833	0.852833
1.072000	0.855046	0.855046
1.074000	0.851885	0.851885
1.076000	0.854098	0.854098
1.078000	0.852201	0.852201
1.080000	0.852833	0.852833
1.082000	0.853149	0.853149
1.084000	0.851569	0.851569
1.086000	0.854730	0.854730
1.088000	0.853465	0.853465
1.090000	0.852517	0.852517
1.092000	0.853149	0.853149
1.094000	0.852833	0.852833
1.096000	0.853465	0.853465
1.098000	0.853465	0.853465
1.100000	0.852201	0.852201
1.102000	0.852517	0.852517
1.104000	0.853465	0.853465
1.106000	0.853465	0.853465
1.108000	0.853465	0.853465
1.110000	0.853782	0.853782
1.112000	0.852833	0.852833
1.114000	0.851885	0.851885
1.116000	0.851885	0.851885
1.118000	0.853782	0.853782
1.120000	0.853149	0.853149
1.122000	0.853149	0.853149
1.124000	0.854098	0.854098
1.126000	0.852517	0.852517
1.128000	0.852201	0.852201
1.130000	0.854730	0.854730
1.132000	0.852517	0.852517
1.134000	0.853149	0.853149
1.136000	0.854098	0.854098
1.138000	0.853782	0.853782
1.140000	0.853149	0.853149
1.142000	0.851569	0.851569
1.144000	0.851253	0.851253
1.146000	0.854098	0.854098
1.148000	0.852201	0.852201
1.150000	0.852201	0.852201
1.152000	0.852833	0.852833
1.154000	0.852833	0.852833
1.156000	0.853782	0.853782
1.158000	0.851569	0.851569
1.160000	0.853782	0.853782
1.162000	0.853149	0.853149
1.164000	0.853782	0.853782
1.166000	0.851885	0.851885
1.168000	0.853465	0.853465
1.170000	0.853149	0.853149
1.172000	0.852517	0.852517
1.174000	0.852833	0.852833
1.176000	0.852517	0.852517
1.178000	0.853465	0.853465
1.180000	0.852201	0.852201
1.182000	0.851569	0.851569
1.184000	0.853465	0.853465
1.186000	0.853149	0.853149
1.188000	0.853465	0.853465
1.190000	0.852201	0.852201
1.192000	0.853465	0.853465
1.194000	0.853465	0.853465
1.196000	0.854098	0.854098
1.198000	0.851885	0.851885
1.200000	0.852517	0.852517
1.202000	0.852833	0.852833
1.204000	0.854414	0.854414
1.206000	0.851885	0.851885
1.208000	0.854098	0.854098
1.210000	0.851569	0.851569
1.212000	0.853465	0.853465
1.214000	0.854098	0.854098
1.216000	0.852833	0.852833
1.218000	0.850305	0.850305
1.220000	0.852201	0.852201
1.222000	0.852833	0.852833
1.224000	0.852201	0.852201
1.226000	0.853465	0.853465
1.228000	0.852201	0.852201
1.230000	0.852517	0.852517
1.232000	0.853782	0.853782
1.234000	0.854098	0.854098
1.236000	0.852833	0.852833
1.238000	0.853782	0.853782
1.240000	0.852833	0.852833
1.242000	0.853149	0.853149
1.244000	0.853465	0.853465
1.246000	0.853782	0.853782
1.248000	0.852833	0.852833
1.250000	0.853465	0.853465
1.252000	0.852517	0.852517
1.254000	0.853465	0.853465
1.256000	0.853465	0.853465
1.258000	0.853782	0.853782
1.260000	0.851569	0.851569
1.262000	0.854414	0.854414
1.264000	0.853782	0.853782
1.266000	0.854414	0.854414
1.268000	0.853149	0.853149
1.270000	0.853465	0.853465
1.272000	0.853782	0.853782
1.274000	0.851569	0.851569
1.276000	0.852833	0.852833
1.278000	0.852833	0.852833
1.280000	0.852201	0.852201
1.282000	0.852201	0.852201
1.284000	0.853465	0.853465
1.286000	0.852201	0.852201
1.288000	0.851885	0.851885
1.290000	0.853782	0.853782
1.292000	0.851885	0.851885
1.294000	0.852833	0.852833
1.296000	0.852833	0.852833
1.298000	0.853149	0.853149
1.300000	0.852833	0.852833
1.302000	0.853782	0.853782
1.304000	0.851885	0.851885
1.306000	0.851885	0.851885
1.308000	0.852517	0.852517
1.310000	0.853465	0.853465
1.312000	0.852833	0.852833
1.314000	0.852517	0.852517
1.316000	0.852517	0.852517
1.318000	0.851569	0.851569
1.320000	0.852833	0.852833
1.322000	0.852517	0.852517
1.324000	0.854414	0.854414
1.326000	0.854098	0.854098
1.328000	0.854098	0.854098
1.330000	0.853149	0.853149
1.332000	0.852833	0.852833
1.334000	0.853149	0.853149
1.336000	0.852201	0.852201
1.338000	0.851569	0.851569
1.340000	0.853465	0.853465
1.342000	0.853149	0.853149
1.344000	0.853149	0.853149
1.346000	0.853149	0.853149
1.348000	0.853465	0.853465
1.350000	0.853149	0.853149
1.352000	0.852201	0.852201
1.354000	0.854098	0.854098
1.356000	0.852517	0.852517
1.358000	0.855046	0.855046
1.360000	0.854730	0.854730
1.362000	0.853149	0.853149
1.364000	0.851885	0.851885
1.366000	0.853149	0.853149
1.368000	0.852517	0.852517
1.370000	0.853465	0.853465
1.372000	0.853465	0.853465
1.374000	0.853465	0.853465
1.376000	0.853782	0.853782
1.378000	0.853149	0.853149
1.380000	0.854414	0.854414
1.382000	0.852833	0.852833
1.384000	0.850937	0.850937
1.386000	0.853149	0.853149
1.388000	0.854098	0.854098
1.390000	0.855362	0.855362
1.392000	0.852833	0.852833
1.394000	0.852833	0.852833
1.396000	0.853149	0.853149
1.398000	0.852517	0.852517
1.400000	0.853149	0.853149
1.402000	0.853782	0.853782
1.404000	0.851885	0.851885
1.406000	0.853782	0.853782
1.408000	0.853465	0.853465
1.410000	0.853465	0.853465
1.412000	0.851253	0.851253
1.414000	0.853465	0.853465
1.416000	0.854730	0.854730
1.418000	0.852517	0.852517
1.420000	0.854098	0.854098
1.422000	0.853782	0.853782
1.424000	0.852833	0.852833
1.426000	0.853465	0.853465
1.428000	0.852201	0.852201
1.430000	0.853149	0.853149
1.432000	0.852833	0.852833
1.434000	0.853782	0.853782
1.436000	0.853149	0.853149
1.438000	0.852833	0.852833
1.440000	0.854098	0.854098
1.442000	0.853149	0.853149
1.444000	0.852201	0.852201
1.446000	0.852517	0.852517
1.448000	0.852833	0.852833
1.450000	0.852517	0.852517
1.452000	0.852517	0.852517
1.454000	0.853782	0.853782
1.456000	0.852201	0.852201
1.458000	0.853465	0.853465
1.460000	0.853465	0.853465
1.462000	0.854730	0.854730
1.464000	0.853149	0.853149
1.466000	0.852833	0.852833
1.468000	0.852201	0.852201
1.470000	0.852201	0.852201
1.472000	0.853782	0.853782
1.474000	0.853465	0.853465
1.476000	0.852833	0.852833
1.478000	0.853465	0.853465
1.480000	0.851885	0.851885
1.482000	0.851569	0.851569
1.484000	0.851569	0.851569
1.486000	0.852201	0.852201
1.488000	0.851569	0.851569
1.490000	0.853465	0.853465
1.492000	0.852201	0.852201
1.494000	0.852201	0.852201
1.496000	0.854098	0.854098
1.498000	0.853465	0.853465
1.500000	0.853465	0.853465
1.502000	0.851253	0.851253
1.504000	0.853465	0.853465
1.506000	0.854098	0.854098
1.508000	0.853782	0.853782
1.510000	0.854098	0.854098
1.512000	0.853465	0.853465
1.514000	0.854098	0.854098
1.516000	0.853149	0.853149
1.518000	0.852517	0.852517
1.520000	0.851569	0.851569
1.522000	0.853149	0.853149
1.524000	0.854414	0.854414
1.526000	0.853782	0.853782
1.528000	0.853465	0.853465
1.530000	0.852833	0.852833
1.532000	0.853782	0.853782
1.534000	0.853782	0.853782
1.536000	0.852517	0.852517
1.538000	0.853465	0.853465
1.540000	0.853782	0.853782
1.542000	0.855046	0.855046
1.544000	0.853465	0.853465
1.546000	0.853782	0.853782
1.548000	0.854098	0.854098
1.550000	0.853465	0.853465
1.552000	0.851253	0.851253
1.554000	0.852201	0.852201
1.556000	0.854098	0.854098
1.558000	0.852833	0.852833
1.560000	0.853149	0.853149
1.562000	0.854414	0.854414
1.564000	0.853149	0.853149
1.566000	0.854730	0.854730
1.568000	0.853149	0.853149
1.570000	0.852833	0.852833
1.572000	0.852201	0.852201
1.574000	0.852833	0.852833
1.576000	0.852201	0.852201
1.578000	0.852517	0.852517
1.580000	0.854098	0.854098
1.582000	0.853149	0.853149
1.584000	0.851885	0.851885
1.586000	0.853782	0.853782
1.588000	0.853782	0.853782
1.590000	0.854730	0.854730
1.592000	0.854098	0.854098
1.594000	0.851569	0.851569
1.596000	0.851253	0.851253
1.598000	0.853782	0.853782
1.600000	0.854098	0.854098
1.602000	0.853465	0.853465
1.604000	0.852517	0.852517
1.606000	0.852517	0.852517
1.608000	0.852517	0.852517
1.610000	0.853465	0.853465
1.612000	0.853149	0.853149
1.614000	0.852201	0.852201
1.616000	0.853465	0.853465
1.618000	0.853782	0.853782
1.620000	0.852833	0.852833
1.622000	0.854098	0.854098
1.624000	0.851253	0.851253
1.626000	0.853149	0.853149
1.628000	0.852201	0.852201
1.630000	0.853465	0.853465
1.632000	0.852201	0.852201
1.634000	0.853465	0.853465
1.636000	0.851569	0.851569
1.638000	0.851569	0.851569
1.640000	0.851885	0.851885
1.642000	0.853149	0.853149
1.644000	0.852201	0.852201
1.646000	0.854098	0.854098
1.648000	0.852201	0.852201
1.650000	0.853465	0.853465
1.652000	0.854098	0.854098
1.654000	0.851885	0.851885
1.656000	0.853782	0.853782
1.658000	0.852517	0.852517
1.660000	0.852201	0.852201
1.662000	0.852201	0.852201
1.664000	0.852833	0.852833
1.666000	0.853149	0.853149
1.668000	0.853782	0.853782
1.670000	0.854098	0.854098
1.672000	0.853465	0.853465
1.674000	0.852517	0.852517
1.676000	0.851253	0.851253
1.678000	0.852833	0.852833
1.680000	0.854098	0.854098
1.682000	0.852201	0.852201
1.684000	0.853465	0.853465
1.686000	0.853465	0.853465
1.688000	0.853782	0.853782
1.690000	0.854098	0.854098
1.692000	0.852833	0.852833
1.694000	0.853149	0.853149
1.696000	0.853782	0.853782
1.698000	0.852201	0.852201
1.700000	0.853465	0.853465
1.702000	0.852201	0.852201
1.704000	0.853782	0.853782
1.706000	0.852201	0.852201
1.708000	0.852201	0.852201
1.710000	0.854730	0.854730
1.712000	0.852517	0.852517
1.714000	0.852833	0.852833
1.716000	0.853149	0.853149
1.718000	0.853149	0.853149
1.720000	0.851885	0.851885
1.722000	0.853782	0.853782
1.724000	0.853782	0.853782
1.726000	0.853782	0.853782
1.728000	0.852833	0.852833
1.730000	0.853782	0.853782
1.732000	0.851569	0.851569
1.734000	0.852833	0.852833
1.736000	0.852833	0.852833
1.738000	0.852201	0.852201
1.740000	0.853149	0.853149
1.742000	0.854098	0.854098
1.744000	0.853149	0.853149
1.746000	0.853782	0.853782
1.748000	0.853149	0.853149
1.750000	0.853465	0.853465
1.752000	0.854730	0.854730
1.754000	0.852201	0.852201
1.756000	0.851569	0.851569
1.758000	0.851885	0.851885
1.760000	0.852833	0.852833
1.762000	0.853149	0.853149
1.764000	0.853782	0.853782
1.766000	0.853149	0.853149
1.768000	0.853465	0.853465
1.770000	0.853465	0.853465
1.772000	0.851253	0.851253
1.774000	0.853465	0.853465
1.776000	0.852833	0.852833
1.778000	0.853149	0.853149
1.780000	0.853782	0.853782
1.782000	0.853149	0.853149
1.784000	0.853149	0.853149
1.786000	0.852201	0.852201
1.788000	0.854098	0.854098
1.790000	0.852833	0.852833
1.792000	0.853782	0.853782
1.794000	0.853465	0.853465
1.796000	0.851885	0.851885
1.798000	0.853782	0.853782
1.800000	0.852517	0.852517
1.802000	0.853149	0.853149
1.804000	0.854414	0.854414
1.806000	0.854098	0.854098
1.808000	0.852833	0.852833
1.810000	0.853782	0.853782
1.812000	0.853465	0.853465
1.814000	0.853465	0.853465
1.816000	0.853149	0.853149
1.818000	0.852201	0.852201
1.820000	0.853149	0.853149
1.822000	0.853465	0.853465
1.824000	0.853149	0.853149
1.826000	0.853149	0.853149
1.828000	0.852833	0.852833
1.830000	0.854414	0.854414
1.832000	0.852833	0.852833
1.834000	0.852833	0.852833
1.836000	0.851569	0.851569
1.838000	0.851885	0.851885
1.840000	0.853465	0.853465
1.842000	0.853149	0.853149
1.844000	0.851885	0.851885
1.846000	0.852517	0.852517
1.848000	0.852201	0.852201
1.850000	0.853149	0.853149
1.852000	0.854098	0.854098
1.854000	0.853782	0.853782
1.856000	0.851885	0.851885
1.858000	0.853465	0.853465
1.860000	0.853782	0.853782
1.862000	0.852833	0.852833
1.864000	0.853149	0.853149
1.866000	0.852833	0.852833
1.868000	0.851569	0.851569
1.870000	0.851569	0.851569
1.872000	0.853782	0.853782
1.874000	0.854414	0.854414
1.876000	0.853149	0.853149
1.878000	0.850937	0.850937
1.880000	0.852833	0.852833
1.882000	0.851885	0.851885
1.884000	0.853149	0.853149
1.886000	0.852833	0.852833
1.888000	0.854098	0.854098
1.890000	0.853149	0.853149
1.892000	0.854414	0.854414
1.894000	0.851885	0.851885
1.896000	0.853782	0.853782
1.898000	0.852833	0.852833
1.900000	0.853465	0.853465
1.902000	0.852833	0.852833
1.904000	0.853465	0.853465
1.906000	0.852201	0.852201
1.908000	0.851885	0.851885
1.910000	0.853782	0.853782
1.912000	0.853149	0.853149
1.914000	0.851885	0.851885
1.916000	0.852201	0.852201
1.918000	0.854098	0.854098
1.920000	0.853149	0.853149
1.922000	0.854414	0.854414
1.924000	0.852833	0.852833
1.926000	0.852833	0.852833
1.928000	0.852201	0.852201
1.930000	0.852201	0.852201
1.932000	0.853465	0.853465
1.934000	0.852517	0.852517
1.936000	0.851885	0.851885
1.938000	0.852517	0.852517
1.940000	0.853465	0.853465
1.942000	0.853465	0.853465
1.944000	0.852833	0.852833
1.946000	0.852517	0.852517
1.948000	0.854098	0.854098
1.950000	0.852833	0.852833
1.952000	0.853465	0.853465
1.954000	0.852517	0.852517
1.956000	0.852517	0.852517
1.958000	0.852517	0.852517
1.960000	0.853465	0.853465
1.962000	0.853149	0.853149
1.964000	0.851569	0.851569
1.966000	0.853465	0.853465
1.968000	0.852517	0.852517
1.970000	0.853149	0.853149
1.972000	0.852517	0.852517
1.974000	0.852201	0.852201
1.976000	0.852517	0.852517
1.978000	0.853782	0.853782
1.980000	0.853465	0.853465
1.982000	0.854414	0.854414
1.984000	0.851569	0.851569
1.986000	0.852201	0.852201
1.988000	0.851885	0.851885
1.990000	0.852201	0.852201
1.992000	0.852517	0.852517
1.994000	0.853782	0.853782
1.996000	0.853782	0.853782
1.998000	0.852833	0.852833
2.000000	0.850621	0.850621
2.002000	0.852517	0.852517
2.004000	0.854414	0.854414
2.006000	0.853465	0.853465
2.008000	0.851253	0.851253
2.010000	0.853465	0.853465
2.012000	0.851569	0.851569
2.014000	0.852517	0.852517
2.016000	0.852201	0.852201
2.018000	0.853782	0.853782
2.020000	0.854098	0.854098
2.022000	0.853149	0.853149
2.024000	0.854098	0.854098
2.026000	0.852833	0.852833
2.028000	0.851885	0.851885
2.030000	0.852201	0.852201
2.032000	0.852517	0.852517
2.034000	0.853149	0.853149
2.036000	0.851569	0.851569
2.038000	0.853782	0.853782
2.040000	0.852201	0.852201
2.042000	0.853149	0.853149
2.044000	0.853149	0.853149
2.046000	0.855046	0.855046
2.048000	0.853782	0.853782
2.050000	0.853465	0.853465
2.052000	0.852201	0.852201
2.054000	0.853782	0.853782
2.056000	0.851569	0.851569
2.058000	0.851885	0.851885
2.060000	0.853149	0.853149
2.062000	0.853465	0.853465
2.064000	0.853465	0.853465
2.066000	0.853465	0.853465
2.068000	0.851885	0.851885
2.070000	0.855046	0.855046
2.072000	0.853782	0.853782
2.074000	0.854414	0.854414
2.076000	0.852201	0.852201
2.078000	0.852833	0.852833
2.080000	0.852201	0.852201
2.082000	0.852201	0.852201
2.084000	0.852201	0.852201
2.086000	0.853782	0.853782
2.088000	0.852833	0.852833
2.090000	0.855046	0.855046
2.092000	0.852833	0.852833
2.094000	0.852833	0.852833
2.096000	0.851885	0.851885
2.098000	0.850937	0.850937
2.100000	0.853782	0.853782
2.102000	0.854098	0.854098
2.104000	0.854098	0.854098
2.106000	0.851569	0.851569
2.108000	0.854730	0.854730
2.110000	0.852833	0.852833
2.112000	0.851885	0.851885
2.114000	0.854098	0.854098
2.116000	0.851885	0.851885
2.118000	0.854730	0.854730
2.120000	0.853149	0.853149
2.122000	0.853465	0.853465
2.124000	0.853465	0.853465
2.126000	0.852833	0.852833
2.128000	0.852201	0.852201
2.130000	0.854098	0.854098
2.132000	0.854414	0.854414
2.134000	0.852201	0.852201
2.136000	0.852201	0.852201
2.138000	0.854098	0.854098
2.140000	0.852833	0.852833
2.142000	0.854730	0.854730
2.144000	0.854098	0.854098
2.146000	0.854098	0.854098
2.148000	0.852201	0.852201
2.150000	0.852833	0.852833
2.152000	0.852833	0.852833
2.154000	0.852201	0.852201
2.156000	0.851569	0.851569
2.158000	0.853149	0.853149
2.160000	0.852201	0.852201
2.162000	0.851885	0.851885
2.164000	0.853782	0.853782
2.166000	0.853465	0.853465
2.168000	0.853149	0.853149
2.170000	0.854414	0.854414
2.172000	0.852833	0.852833
2.174000	0.853149	0.853149
2.176000	0.852517	0.852517
2.178000	0.852517	0.852517
2.180000	0.852833	0.852833
2.182000	0.853465	0.853465
2.184000	0.852201	0.852201
2.186000	0.852201	0.852201
2.188000	0.853149	0.853149
2.190000	0.852833	0.852833
2.192000	0.851885	0.851885
2.194000	0.853149	0.853149
2.196000	0.852517	0.852517
2.198000	0.852517	0.852517
2.200000	0.852201	0.852201
2.202000	0.852517	0.852517
2.204000	0.852201	0.852201
2.206000	0.853465	0.853465
2.208000	0.852833	0.852833
2.210000	0.853149	0.853149
2.212000	0.852517	0.852517
2.214000	0.853782	0.853782
2.216000	0.852201	0.852201
2.218000	0.852833	0.852833
2.220000	0.853149	0.853149
2.222000	0.852517	0.852517
2.224000	0.853782	0.853782
2.226000	0.852201	0.852201
2.228000	0.851885	0.851885
2.230000	0.852201	0.852201
2.232000	0.853149	0.853149
2.234000	0.852517	0.852517
2.236000	0.852201	0.852201
2.238000	0.852201	0.852201
2.240000	0.852517	0.852517
2.242000	0.854098	0.854098
2.244000	0.853465	0.853465
2.246000	0.853149	0.853149
2.248000	0.853782	0.853782
2.250000	0.853465	0.853465
2.252000	0.852201	0.852201
2.254000	0.853465	0.853465
2.256000	0.852517	0.852517
2.258000	0.852517	0.852517
2.260000	0.852517	0.852517
2.262000	0.853465	0.853465
2.264000	0.852201	0.852201
2.266000	0.851885	0.851885
2.268000	0.852833	0.852833
2.270000	0.852833	0.852833
2.272000	0.851885	0.851885
2.274000	0.854098	0.854098
2.276000	0.853782	0.853782
2.278000	0.854414	0.854414
2.280000	0.854730	0.854730
2.282000	0.852833	0.852833
2.284000	0.852201	0.852201
2.286000	0.852517	0.852517
2.288000	0.853465	0.853465
2.290000	0.851885	0.851885
2.292000	0.851253	0.851253
2.294000	0.852833	0.852833
2.296000	0.851569	0.851569
2.298000	0.854098	0.854098
2.300000	0.854098	0.854098
2.302000	0.852833	0.852833
2.304000	0.853149	0.853149
2.306000	0.851569	0.851569
2.308000	0.852517	0.852517
2.310000	0.852201	0.852201
2.312000	0.853149	0.853149
2.314000	0.853465	0.853465
2.316000	0.853782	0.853782
2.318000	0.853465	0.853465
2.320000	0.852201	0.852201
2.322000	0.852517	0.852517
2.324000	0.852201	0.852201
2.326000	0.852517	0.852517
2.328000	0.852833	0.852833
2.330000	0.853782	0.853782
2.332000	0.852833	0.852833
2.334000	0.853149	0.853149
2.336000	0.853782	0.853782
2.338000	0.852201	0.852201
2.340000	0.854098	0.854098
2.342000	0.852517	0.852517
2.344000	0.851885	0.851885
2.346000	0.852833	0.852833
2.348000	0.854098	0.854098
2.350000	0.854414	0.854414
2.352000	0.854414	0.854414
2.354000	0.853465	0.853465
2.356000	0.853782	0.853782
2.358000	0.851885	0.851885
2.360000	0.852833	0.852833
2.362000	0.853149	0.853149
2.364000	0.854414	0.854414
2.366000	0.853465	0.853465
2.368000	0.851569	0.851569
2.370000	0.852833	0.852833
2.372000	0.851885	0.851885
2.374000	0.854414	0.854414
2.376000	0.852833	0.852833
2.378000	0.853149	0.853149
2.380000	0.853782	0.853782
2.382000	0.853782	0.853782
2.384000	0.853465	0.853465
2.386000	0.853465	0.853465
2.388000	0.854098	0.854098
2.390000	0.852201	0.852201
2.392000	0.852517	0.852517
2.394000	0.853149	0.853149
2.396000	0.852201	0.852201
2.398000	0.852517	0.852517
2.400000	0.854098	0.854098
2.402000	0.853782	0.853782
2.404000	0.851885	0.851885
2.406000	0.852833	0.852833
2.408000	0.852201	0.852201
2.410000	0.852517	0.852517
2.412000	0.851569	0.851569
2.414000	0.853465	0.853465
2.416000	0.853465	0.853465
2.418000	0.853149	0.853149
2.420000	0.853149	0.853149
2.422000	0.850937	0.850937
2.424000	0.853465	0.853465
2.426000	0.854098	0.854098
2.428000	0.853465	0.853465
2.430000	0.852517	0.852517
2.432000	0.853465	0.853465
2.434000	0.852201	0.852201
2.436000	0.852201	0.852201
2.438000	0.852833	0.852833
2.440000	0.854730	0.854730
2.442000	0.854098	0.854098
2.444000	0.854098	0.854098
2.446000	0.852833	0.852833
2.448000	0.852833	0.852833
2.450000	0.855046	0.855046
2.452000	0.852201	0.852201
2.454000	0.853465	0.853465
2.456000	0.850937	0.850937
2.458000	0.852833	0.852833
2.460000	0.853149	0.853149
2.462000	0.852201	0.852201
2.464000	0.854414	0.854414
2.466000	0.851569	0.851569
2.468000	0.852833	0.852833
2.470000	0.852833	0.852833
2.472000	0.852833	0.852833
2.474000	0.853465	0.853465
2.476000	0.852833	0.852833
2.478000	0.854414	0.854414
2.480000	0.852833	0.852833
2.482000	0.854098	0.854098
2.484000	0.854730	0.854730
2.486000	0.853782	0.853782
2.488000	0.853465	0.853465
2.490000	0.853149	0.853149
2.492000	0.854098	0.854098
2.494000	0.854098	0.854098
2.496000	0.852201	0.852201
2.498000	0.852833	0.852833
2.500000	0.853465	0.853465
2.502000	0.852517	0.852517
2.504000	0.852517	0.852517
2.506000	0.854098	0.854098
2.508000	0.852833	0.852833
2.510000	0.851569	0.851569
2.512000	0.852201	0.852201
2.514000	0.852517	0.852517
2.516000	0.853465	0.853465
2.518000	0.853782	0.853782
2.520000	0.853149	0.853149
2.522000	0.851569	0.851569
2.524000	0.852833	0.852833
2.526000	0.854098	0.854098
2.528000	0.852833	0.852833
2.530000	0.855046	0.855046
2.532000	0.853465	0.853465
2.534000	0.853149	0.853149
2.536000	0.853465	0.853465
2.538000	0.852833	0.852833
2.540000	0.853149	0.853149
2.542000	0.851885	0.851885
2.544000	0.853465	0.853465
2.546000	0.853465	0.853465
2.548000	0.853782	0.853782
2.550000	0.854098	0.854098
2.552000	0.854098	0.854098
2.554000	0.853465	0.853465
2.556000	0.852833	0.852833
2.558000	0.852833	0.852833
2.560000	0.852201	0.852201
2.562000	0.853782	0.853782
2.564000	0.853782	0.853782
2.566000	0.852833	0.852833
2.568000	0.852517	0.852517
2.570000	0.854098	0.854098
2.572000	0.853465	0.853465
2.574000	0.852833	0.852833
2.576000	0.852201	0.852201
2.578000	0.853782	0.853782
2.580000	0.852833	0.852833
2.582000	0.853465	0.853465
2.584000	0.852833	0.852833
2.586000	0.852517	0.852517
2.588000	0.854098	0.854098
2.590000	0.853465	0.853465
2.592000	0.853782	0.853782
2.594000	0.853465	0.853465
2.596000	0.851569	0.851569
2.598000	0.852517	0.852517
2.600000	0.852201	0.852201
2.602000	0.852833	0.852833
2.604000	0.853782	0.853782
2.606000	0.853782	0.853782
2.608000	0.852833	0.852833
2.610000	0.853782	0.853782
2.612000	0.852517	0.852517
2.614000	0.853465	0.853465
2.616000	0.852833	0.852833
2.618000	0.853149	0.853149
2.620000	0.853465	0.853465
2.622000	0.851253	0.851253
2.624000	0.852833	0.852833
2.626000	0.853149	0.853149
2.628000	0.851885	0.851885
2.630000	0.853465	0.853465
2.632000	0.852833	0.852833
2.634000	0.853149	0.853149
2.636000	0.853782	0.853782
2.638000	0.851569	0.851569
2.640000	0.852201	0.852201
2.642000	0.852517	0.852517
2.644000	0.850937	0.850937
2.646000	0.854414	0.854414
2.648000	0.852833	0.852833
2.650000	0.852201	0.852201
2.652000	0.853782	0.853782
2.654000	0.852201	0.852201
2.656000	0.853782	0.853782
2.658000	0.853149	0.853149
2.660000	0.852201	0.852201
2.662000	0.853149	0.853149
2.664000	0.851885	0.851885
2.666000	0.853149	0.853149
2.668000	0.853465	0.853465
2.670000	0.854730	0.854730
2.672000	0.853782	0.853782
2.674000	0.853149	0.853149
2.676000	0.853465	0.853465
2.678000	0.852517	0.852517
2.680000	0.853782	0.853782
2.682000	0.854098	0.854098
2.684000	0.855678	0.855678
2.686000	0.853782	0.853782
2.688000	0.853465	0.853465
2.690000	0.853465	0.853465
2.692000	0.854098	0.854098
2.694000	0.852833	0.852833
2.696000	0.853149	0.853149
2.698000	0.852201	0.852201
2.700000	0.852833	0.852833
2.702000	0.853465	0.853465
2.704000	0.852833	0.852833
2.706000	0.852833	0.852833
2.708000	0.854098	0.854098
2.710000	0.854730	0.854730
2.712000	0.852517	0.852517
2.714000	0.852833	0.852833
2.716000	0.853149	0.853149
2.718000	0.854730	0.854730
2.720000	0.851885	0.851885
2.722000	0.852201	0.852201
2.724000	0.852517	0.852517
2.726000	0.853782	0.853782
2.728000	0.850621	0.850621
2.730000	0.853782	0.853782
2.732000	0.852833	0.852833
2.734000	0.853782	0.853782
2.736000	0.851885	0.851885
2.738000	0.854098	0.854098
2.740000	0.853465	0.853465
2.742000	0.851569	0.851569
2.744000	0.852517	0.852517
2.746000	0.853149	0.853149
2.748000	0.854098	0.854098
2.750000	0.851885	0.851885
2.752000	0.853149	0.853149
2.754000	0.853465	0.853465
2.756000	0.854730	0.854730
2.758000	0.853149	0.853149
2.760000	0.851885	0.851885
2.762000	0.853782	0.853782
2.764000	0.852833	0.852833
2.766000	0.854730	0.854730
2.768000	0.852517	0.852517
2.770000	0.853149	0.853149
2.772000	0.852201	0.852201
2.774000	0.853782	0.853782
2.776000	0.853465	0.853465
2.778000	0.852201	0.852201
2.780000	0.851569	0.851569
2.782000	0.852201	0.852201
2.784000	0.851885	0.851885
2.786000	0.851569	0.851569
2.788000	0.853149	0.853149
2.790000	0.853149	0.853149
2.792000	0.852833	0.852833
2.794000	0.853465	0.853465
2.796000	0.854730	0.854730
2.798000	0.853465	0.853465
2.800000	0.852833	0.852833
2.802000	0.853782	0.853782
2.804000	0.854098	0.854098
2.806000	0.853465	0.853465
2.808000	0.853149	0.853149
2.810000	0.853782	0.853782
2.812000	0.854098	0.854098
2.814000	0.853465	0.853465
2.816000	0.853149	0.853149
2.818000	0.854730	0.854730
2.820000	0.852201	0.852201
2.822000	0.853465	0.853465
2.824000	0.852201	0.852201
2.826000	0.854098	0.854098
2.828000	0.853149	0.853149
2.830000	0.852517	0.852517
2.832000	0.852833	0.852833
2.834000	0.854098	0.854098
2.836000	0.853465	0.853465
2.838000	0.853465	0.853465
2.840000	0.852833	0.852833
2.842000	0.851885	0.851885
2.844000	0.853149	0.853149
2.846000	0.851569	0.851569
2.848000	0.851885	0.851885
2.850000	0.852833	0.852833
2.852000	0.851253	0.851253
2.854000	0.852517	0.852517
2.856000	0.853782	0.853782
2.858000	0.854098	0.854098
2.860000	0.853465	0.853465
2.862000	0.853149	0.853149
2.864000	0.854098	0.854098
2.866000	0.853465	0.853465
2.868000	0.851885	0.851885
2.870000	0.854414	0.854414
2.872000	0.852517	0.852517
2.874000	0.852833	0.852833
2.876000	0.854414	0.854414
2.878000	0.851569	0.851569
2.880000	0.852833	0.852833
2.882000	0.852201	0.852201
2.884000	0.851253	0.851253
2.886000	0.853782	0.853782
2.888000	0.852517	0.852517
2.890000	0.852517	0.852517
2.892000	0.852833	0.852833
2.894000	0.853782	0.853782
2.896000	0.852201	0.852201
2.898000	0.853782	0.853782
2.900000	0.852517	0.852517
2.902000	0.852201	0.852201
2.904000	0.853149	0.853149
2.906000	0.851569	0.851569
2.908000	0.851253	0.851253
2.910000	0.853465	0.853465
2.912000	0.851253	0.851253
2.914000	0.852833	0.852833
2.916000	0.854730	0.854730
2.918000	0.854098	0.854098
2.920000	0.853149	0.853149
2.922000	0.851569	0.851569
2.924000	0.855046	0.855046
2.926000	0.853465	0.853465
2.928000	0.852201	0.852201
2.930000	0.852517	0.852517
2.932000	0.853782	0.853782
2.934000	0.853465	0.853465
2.936000	0.853465	0.853465
2.938000	0.853149	0.853149
2.940000	0.852517	0.852517
2.942000	0.851569	0.851569
2.944000	0.853465	0.853465
2.946000	0.851885	0.851885
2.948000	0.854414	0.854414
2.950000	0.853149	0.853149
2.952000	0.852833	0.852833
2.954000	0.852201	0.852201
2.956000	0.852833	0.852833
2.958000	0.852833	0.852833
2.960000	0.853465	0.853465
2.962000	0.852833	0.852833
2.964000	0.852201	0.852201
2.966000	0.851569	0.851569
2.968000	0.854414	0.854414
2.970000	0.853465	0.853465
2.972000	0.851885	0.851885
2.974000	0.852517	0.852517
2.976000	0.852201	0.852201
2.978000	0.855362	0.855362
2.980000	0.853149	0.853149
2.982000	0.853465	0.853465
2.984000	0.853465	0.853465
2.986000	0.852833	0.852833
2.988000	0.853149	0.853149
2.990000	0.852833	0.852833
2.992000	0.854098	0.854098
2.994000	0.851569	0.851569
2.996000	0.853465	0.853465
2.998000	0.853149	0.853149
3.000000	0.852517	0.852517
3.002000	0.852201	0.852201
3.004000	0.852833	0.852833
3.006000	0.855362	0.855362
3.008000	0.852201	0.852201
3.010000	0.853465	0.853465
3.012000	0.854414	0.854414
3.014000	0.853782	0.853782
3.016000	0.852833	0.852833
3.018000	0.852833	0.852833
3.020000	0.852517	0.852517
3.022000	0.852517	0.852517
3.024000	0.853782	0.853782
3.026000	0.853149	0.853149
3.028000	0.853782	0.853782
3.030000	0.853149	0.853149
3.032000	0.850937	0.850937
3.034000	0.852201	0.852201
3.036000	0.852201	0.852201
3.038000	0.853465	0.853465
3.040000	0.852833	0.852833
3.042000	0.852201	0.852201
3.044000	0.854098	0.854098
3.046000	0.853465	0.853465
3.048000	0.853465	0.853465
3.050000	0.852517	0.852517
3.052000	0.854098	0.854098
3.054000	0.852833	0.852833
3.056000	0.853149	0.853149
3.058000	0.852201	0.852201
3.060000	0.854098	0.854098
3.062000	0.851253	0.851253
3.064000	0.851885	0.851885
3.066000	0.854098	0.854098
3.068000	0.852833	0.852833
3.070000	0.853149	0.853149
3.072000	0.852833	0.852833
3.074000	0.852201	0.852201
3.076000	0.852517	0.852517
3.078000	0.852833	0.852833
3.080000	0.852517	0.852517
3.082000	0.852833	0.852833
3.084000	0.852517	0.852517
3.086000	0.852201	0.852201
3.088000	0.853149	0.853149
3.090000	0.851885	0.851885
3.092000	0.851885	0.851885
3.094000	0.853465	0.853465
3.096000	0.852517	0.852517
3.098000	0.853465	0.853465
3.100000	0.853465	0.853465
3.102000	0.851569	0.851569
3.104000	0.854098	0.854098
3.106000	0.852517	0.852517
3.108000	0.852201	0.852201
3.110000	0.852517	0.852517
3.112000	0.853149	0.853149
3.114000	0.853465	0.853465
3.116000	0.853782	0.853782
3.118000	0.853149	0.853149
3.120000	0.853149	0.853149
3.122000	0.853782	0.853782
3.124000	0.852201	0.852201
3.126000	0.853782	0.853782
3.128000	0.853465	0.853465
3.130000	0.853465	0.853465
3.132000	0.852833	0.852833
3.134000	0.853465	0.853465
3.136000	0.852517	0.852517
3.138000	0.852201	0.852201
3.140000	0.853782	0.853782
3.142000	0.852833	0.852833
3.144000	0.851885	0.851885
3.146000	0.852833	0.852833
3.148000	0.854098	0.854098
3.150000	0.853465	0.853465
3.152000	0.851569	0.851569
3.154000	0.852517	0.852517
3.156000	0.852201	0.852201
3.158000	0.854098	0.854098
3.160000	0.853465	0.853465
3.162000	0.853782	0.853782
3.164000	0.851569	0.851569
3.166000	0.852517	0.852517
3.168000	0.854098	0.854098
3.170000	0.852517	0.852517
3.172000	0.852833	0.852833
3.174000	0.853465	0.853465
3.176000	0.852517	0.852517
3.178000	0.853465	0.853465
3.180000	0.852517	0.852517
3.182000	0.854730	0.854730
3.184000	0.852201	0.852201
3.186000	0.853782	0.853782
3.188000	0.853149	0.853149
3.190000	0.853782	0.853782
3.192000	0.854414	0.854414
3.194000	0.852517	0.852517
3.196000	0.854098	0.854098
3.198000	0.854730	0.854730
3.200000	0.853465	0.853465
3.202000	0.854098	0.854098
3.204000	0.853149	0.853149
3.206000	0.852517	0.852517
3.208000	0.852201	0.852201
3.210000	0.853465	0.853465
3.212000	0.851885	0.851885
3.214000	0.853782	0.853782
3.216000	0.851885	0.851885
3.218000	0.852201	0.852201
3.220000	0.852517	0.852517
3.222000	0.852201	0.852201
3.224000	0.851885	0.851885
3.226000	0.853782	0.853782
3.228000	0.852833	0.852833
3.230000	0.852201	0.852201
3.232000	0.853149	0.853149
3.234000	0.853465	0.853465
3.236000	0.853149	0.853149
3.238000	0.852201	0.852201
3.240000	0.854098	0.854098
3.242000	0.852201	0.852201
3.244000	0.851885	0.851885
3.246000	0.853149	0.853149
3.248000	0.852833	0.852833
3.250000	0.853465	0.853465
3.252000	0.852517	0.852517
3.254000	0.851253	0.851253
3.256000	0.852201	0.852201
3.258000	0.853465	0.853465
3.260000	0.852201	0.852201
3.262000	0.853149	0.853149
3.264000	0.851569	0.851569
3.266000	0.852833	0.852833
3.268000	0.852201	0.852201
3.270000	0.852517	0.852517
3.272000	0.853149	0.853149
3.274000	0.854098	0.854098
3.276000	0.854414	0.854414
3.278000	0.852833	0.852833
3.280000	0.851885	0.851885
3.282000	0.851885	0.851885
3.284000	0.851569	0.851569
3.286000	0.852201	0.852201
3.288000	0.852833	0.852833
3.290000	0.851885	0.851885
3.292000	0.852833	0.852833
3.294000	0.853465	0.853465
3.296000	0.854730	0.854730
3.298000	0.853465	0.853465
3.300000	0.852517	0.852517
3.302000	0.852517	0.852517
3.304000	0.853465	0.853465
3.306000	0.853465	0.853465
3.308000	0.851885	0.851885
3.310000	0.853465	0.853465
3.312000	0.852833	0.852833
3.314000	0.854730	0.854730
3.316000	0.854730	0.854730
3.318000	0.854098	0.854098
3.320000	0.854098	0.854098
3.322000	0.852517	0.852517
3.324000	0.852517	0.852517
3.326000	0.852517	0.852517
3.328000	0.853465	0.853465
3.330000	0.853465	0.853465
3.332000	0.854730	0.854730
3.334000	0.852833	0.852833
3.336000	0.851885	0.851885
3.338000	0.853149	0.853149
3.340000	0.853465	0.853465
3.342000	0.853465	0.853465
3.344000	0.852517	0.852517
3.346000	0.853465	0.853465
3.348000	0.853782	0.853782
3.350000	0.853465	0.853465
3.352000	0.853782	0.853782
3.354000	0.853149	0.853149
3.356000	0.852517	0.852517
3.358000	0.852833	0.852833
3.360000	0.853465	0.853465
3.362000	0.852517	0.852517
3.364000	0.852833	0.852833
3.366000	0.854730	0.854730
3.368000	0.854414	0.854414
3.370000	0.851885	0.851885
3.372000	0.852833	0.852833
3.374000	0.854730	0.854730
3.376000	0.852201	0.852201
3.378000	0.852201	0.852201
3.380000	0.852833	0.852833
3.382000	0.854098	0.854098
3.384000	0.851885	0.851885
3.386000	0.853149	0.853149
3.388000	0.854098	0.854098
3.390000	0.853465	0.853465
3.392000	0.853149	0.853149
3.394000	0.852517	0.852517
3.396000	0.852517	0.852517
3.398000	0.853782	0.853782
3.400000	0.853149	0.853149
3.402000	0.854414	0.854414
3.404000	0.852201	0.852201
3.406000	0.853465	0.853465
3.408000	0.852833	0.852833
3.410000	0.852833	0.852833
3.412000	0.851253	0.851253
3.414000	0.853149	0.853149
3.416000	0.852833	0.852833
3.418000	0.851885	0.851885
3.420000	0.852517	0.852517
3.422000	0.852517	0.852517
3.424000	0.851569	0.851569
3.426000	0.852517	0.852517
3.428000	0.852201	0.852201
3.430000	0.852833	0.852833
3.432000	0.853465	0.853465
3.434000	0.852833	0.852833
3.436000	0.851253	0.851253
3.438000	0.852517	0.852517
3.440000	0.853149	0.853149
3.442000	0.853149	0.853149
3.444000	0.853465	0.853465
3.446000	0.853149	0.853149
3.448000	0.852517	0.852517
3.450000	0.852517	0.852517
3.452000	0.851885	0.851885
3.454000	0.854098	0.854098
3.456000	0.851569	0.851569
3.458000	0.852517	0.852517
3.460000	0.852833	0.852833
3.462000	0.853465	0.853465
3.464000	0.852201	0.852201
3.466000	0.853465	0.853465
3.468000	0.851253	0.851253
3.470000	0.855046	0.855046
3.472000	0.853465	0.853465
3.474000	0.853149	0.853149
3.476000	0.853465	0.853465
3.478000	0.852833	0.852833
3.480000	0.852201	0.852201
3.482000	0.853782	0.853782
3.484000	0.854098	0.854098
3.486000	0.853149	0.853149
3.488000	0.853782	0.853782
3.490000	0.853465	0.853465
3.492000	0.853465	0.853465
3.494000	0.853465	0.853465
3.496000	0.852833	0.852833
3.498000	0.852201	0.852201
3.500000	0.853149	0.853149
3.502000	0.852833	0.852833
3.504000	0.853149	0.853149
3.506000	0.852833	0.852833
3.508000	0.854414	0.854414
3.510000	0.854098	0.854098
3.512000	0.852201	0.852201
3.514000	0.851885	0.851885
3.516000	0.851885	0.851885
3.518000	0.853465	0.853465
3.520000	0.853782	0.853782
3.522000	0.853465	0.853465
3.524000	0.853465	0.853465
3.526000	0.854098	0.854098
3.528000	0.853465	0.853465
3.530000	0.852201	0.852201
3.532000	0.852517	0.852517
3.534000	0.851253	0.851253
3.536000	0.853782	0.853782
3.538000	0.853782	0.853782
3.540000	0.853782	0.853782
3.542000	0.853782	0.853782
3.544000	0.853465	0.853465
3.546000	0.853782	0.853782
3.548000	0.853149	0.853149
3.550000	0.853149	0.853149
3.552000	0.853465	0.853465
3.554000	0.853149	0.853149
3.556000	0.851885	0.851885
3.558000	0.853149	0.853149
3.560000	0.853465	0.853465
3.562000	0.853782	0.853782
3.564000	0.853465	0.853465
3.566000	0.854098	0.854098
3.568000	0.851253	0.851253
3.570000	0.851569	0.851569
3.572000	0.851569	0.851569
3.574000	0.852833	0.852833
3.576000	0.852517	0.852517
3.578000	0.852201	0.852201
3.580000	0.852201	0.852201
3.582000	0.853465	0.853465
3.584000	0.852833	0.852833
3.586000	0.852833	0.852833
3.588000	0.853465	0.853465
3.590000	0.853782	0.853782
3.592000	0.852201	0.852201
3.594000	0.852833	0.852833
3.596000	0.853149	0.853149
3.598000	0.853782	0.853782
3.600000	0.853149	0.853149
3.602000	0.853782	0.853782
3.604000	0.852517	0.852517
3.606000	0.852833	0.852833
3.608000	0.852833	0.852833
3.610000	0.853465	0.853465
3.612000	0.853465	0.853465
3.614000	0.852517	0.852517
3.616000	0.853465	0.853465
3.618000	0.854098	0.854098
3.620000	0.852517	0.852517
3.622000	0.853465	0.853465
3.624000	0.854098	0.854098
3.626000	0.852833	0.852833
3.628000	0.852833	0.852833
3.630000	0.852517	0.852517
3.632000	0.854414	0.854414
3.634000	0.851885	0.851885
3.636000	0.853149	0.853149
3.638000	0.851569	0.851569
3.640000	0.853465	0.853465
3.642000	0.853149	0.853149
3.644000	0.853782	0.853782
3.646000	0.852833	0.852833
3.648000	0.854098	0.854098
3.650000	0.852201	0.852201
3.652000	0.851253	0.851253
3.654000	0.853465	0.853465
3.656000	0.852517	0.852517
3.658000	0.852833	0.852833
3.660000	0.854730	0.854730
3.662000	0.852833	0.852833
3.664000	0.851569	0.851569
3.666000	0.853782	0.853782
3.668000	0.852517	0.852517
3.670000	0.854414	0.854414
3.672000	0.853149	0.853149
3.674000	0.852833	0.852833
3.676000	0.852833	0.852833
3.678000	0.852201	0.852201
3.680000	0.853782	0.853782
3.682000	0.853149	0.853149
3.684000	0.854098	0.854098
3.686000	0.853465	0.853465
3.688000	0.852201	0.852201
3.690000	0.854414	0.854414
3.692000	0.851885	0.851885
3.694000	0.852517	0.852517
3.696000	0.852833	0.852833
3.698000	0.853149	0.853149
3.700000	0.854414	0.854414
3.702000	0.853782	0.853782
3.704000	0.853149	0.853149
3.706000	0.852201	0.852201
3.708000	0.852201	0.852201
3.710000	0.853782	0.853782
3.712000	0.854414	0.854414
3.714000	0.853465	0.853465
3.716000	0.852201	0.852201
3.718000	0.853782	0.853782
3.720000	0.852201	0.852201
3.722000	0.852201	0.852201
3.724000	0.853149	0.853149
3.726000	0.853465	0.853465
3.728000	0.852833	0.852833
3.730000	0.853149	0.853149
3.732000	0.853782	0.853782
3.734000	0.852517	0.852517
3.736000	0.853465	0.853465
3.738000	0.853465	0.853465
3.740000	0.853465	0.853465
3.742000	0.853465	0.853465
3.744000	0.851569	0.851569
3.746000	0.852201	0.852201
3.748000	0.852833	0.852833
3.750000	0.852201	0.852201
3.752000	0.852201	0.852201
3.754000	0.853465	0.853465
3.756000	0.853782	0.853782
3.758000	0.853149	0.853149
3.760000	0.850937	0.850937
3.762000	0.854098	0.854098
3.764000	0.852201	0.852201
3.766000	0.852833	0.852833
3.768000	0.854414	0.854414
3.770000	0.852833	0.852833
3.772000	0.852833	0.852833
3.774000	0.853149	0.853149
3.776000	0.852201	0.852201
3.778000	0.851885	0.851885
3.780000	0.852201	0.852201
3.782000	0.852201	0.852201
3.784000	0.853149	0.853149
3.786000	0.850305	0.850305
3.788000	0.852833	0.852833
3.790000	0.853465	0.853465
3.792000	0.853149	0.853149
3.794000	0.853465	0.853465
3.796000	0.853782	0.853782
3.798000	0.851885	0.851885
3.800000	0.854414	0.854414
3.802000	0.853465	0.853465
3.804000	0.851253	0.851253
3.806000	0.852517	0.852517
3.808000	0.852833	0.852833
3.810000	0.852833	0.852833
3.812000	0.853149	0.853149
3.814000	0.853465	0.853465
3.816000	0.855362	0.855362
3.818000	0.853782	0.853782
3.820000	0.853465	0.853465
3.822000	0.853465	0.853465
3.824000	0.853465	0.853465
3.826000	0.853149	0.853149
3.828000	0.854730	0.854730
3.830000	0.853149	0.853149
3.832000	0.852201	0.852201
3.834000	0.853149	0.853149
3.836000	0.852517	0.852517
3.838000	0.852201	0.852201
3.840000	0.852833	0.852833
3.842000	0.853465	0.853465
3.844000	0.853465	0.853465
3.846000	0.853465	0.853465
3.848000	0.853465	0.853465
3.850000	0.852833	0.852833
3.852000	0.853465	0.853465
3.854000	0.853782	0.853782
3.856000	0.851885	0.851885
3.858000	0.853782	0.853782
3.860000	0.853149	0.853149
3.862000	0.852833	0.852833
3.864000	0.853465	0.853465
3.866000	0.853782	0.853782
3.868000	0.854098	0.854098
3.870000	0.851885	0.851885
3.872000	0.853465	0.853465
3.874000	0.852201	0.852201
3.876000	0.852517	0.852517
3.878000	0.854098	0.854098
3.880000	0.851569	0.851569
3.882000	0.854414	0.854414
3.884000	0.853465	0.853465
3.886000	0.853782	0.853782
3.888000	0.852201	0.852201
3.890000	0.854730	0.854730
3.892000	0.853149	0.853149
3.894000	0.853149	0.853149
3.896000	0.852833	0.852833
3.898000	0.852517	0.852517
3.900000	0.855046	0.855046
3.902000	0.853149	0.853149
3.904000	0.852833	0.852833
3.906000	0.852201	0.852201
3.908000	0.852517	0.852517
3.910000	0.852517	0.852517
3.912000	0.854098	0.854098
3.914000	0.852201	0.852201
3.916000	0.852201	0.852201
3.918000	0.851885	0.851885
3.920000	0.851569	0.851569
3.922000	0.852517	0.852517
3.924000	0.853465	0.853465
3.926000	0.850937	0.850937
3.928000	0.853465	0.853465
3.930000	0.852517	0.852517
3.932000	0.853782	0.853782
3.934000	0.853149	0.853149
3.936000	0.853782	0.853782
3.938000	0.853149	0.853149
3.940000	0.851569	0.851569
3.942000	0.852201	0.852201
3.944000	0.852517	0.852517
3.946000	0.852833	0.852833
3.948000	0.853465	0.853465
3.950000	0.852833	0.852833
3.952000	0.852201	0.852201
3.954000	0.853782	0.853782
3.956000	0.851885	0.851885
3.958000	0.851253	0.851253
3.960000	0.852833	0.852833
3.962000	0.852833	0.852833
3.964000	0.853149	0.853149
3.966000	0.852517	0.852517
3.968000	0.852201	0.852201
3.970000	0.853149	0.853149
3.972000	0.852517	0.852517
3.974000	0.852201	0.852201
3.976000	0.853465	0.853465
3.978000	0.853465	0.853465
3.980000	0.851569	0.851569
3.982000	0.853149	0.853149
3.984000	0.853782	0.853782
3.986000	0.853149	0.853149
3.988000	0.854098	0.854098
3.990000	0.852517	0.852517
3.992000	0.853149	0.853149
3.994000	0.853465	0.853465
3.996000	0.852201	0.852201
3.998000	0.851569	0.851569
4.000000	0.853149	0.853149
4.002000	0.852833	0.852833
4.004000	0.853149	0.853149
4.006000	0.851885	0.851885
4.008000	0.852833	0.852833
4.010000	0.852201	0.852201
4.012000	0.854098	0.854098
4.014000	0.854098	0.854098
4.016000	0.852517	0.852517
4.018000	0.852517	0.852517
4.020000	0.852517	0.852517
4.022000	0.852517	0.852517
4.024000	0.852517	0.852517
4.026000	0.852201	0.852201
4.028000	0.854098	0.854098
4.030000	0.853465	0.853465
4.032000	0.852517	0.852517
4.034000	0.852201	0.852201
4.036000	0.851569	0.851569
4.038000	0.852517	0.852517
4.040000	0.852517	0.852517
4.042000	0.854098	0.854098
4.044000	0.853149	0.853149
4.046000	0.853149	0.853149
4.048000	0.853782	0.853782
4.050000	0.852201	0.852201
4.052000	0.853465	0.853465
4.054000	0.855046	0.855046
4.056000	0.853149	0.853149
4.058000	0.853465	0.853465
4.060000	0.852833	0.852833
4.062000	0.851885	0.851885
4.064000	0.852517	0.852517
4.066000	0.853782	0.853782
4.068000	0.853465	0.853465
4.070000	0.854414	0.854414
4.072000	0.854098	0.854098
4.074000	0.853465	0.853465
4.076000	0.853782	0.853782
4.078000	0.853149	0.853149
4.080000	0.851885	0.851885
4.082000	0.851885	0.851885
4.084000	0.853465	0.853465
4.086000	0.853782	0.853782
4.088000	0.852201	0.852201
4.090000	0.853465	0.853465
4.092000	0.852517	0.852517
4.094000	0.853149	0.853149
4.096000	0.853782	0.853782
4.098000	0.853782	0.853782
4.100000	0.854414	0.854414
4.102000	0.853465	0.853465
4.104000	0.853782	0.853782
4.106000	0.851885	0.851885
4.108000	0.852517	0.852517
4.110000	0.853782	0.853782
4.112000	0.852201	0.852201
4.114000	0.852517	0.852517
4.116000	0.853149	0.853149
4.118000	0.852201	0.852201
4.120000	0.852517	0.852517
4.122000	0.852833	0.852833
4.124000	0.852201	0.852201
4.126000	0.851569	0.851569
4.128000	0.853782	0.853782
4.130000	0.851569	0.851569
4.132000	0.853465	0.853465
4.134000	0.852201	0.852201
4.136000	0.853465	0.853465
4.138000	0.852833	0.852833
4.140000	0.853149	0.853149
4.142000	0.854098	0.854098
4.144000	0.852517	0.852517
4.146000	0.850305	0.850305
4.148000	0.852201	0.852201
4.150000	0.852833	0.852833
4.152000	0.853782	0.853782
4.154000	0.853465	0.853465
4.156000	0.853782	0.853782
4.158000	0.851885	0.851885
4.160000	0.853465	0.853465
4.162000	0.852517	0.852517
4.164000	0.853465	0.853465
4.166000	0.852517	0.852517
4.168000	0.852833	0.852833
4.170000	0.851885	0.851885
4.172000	0.851569	0.851569
4.174000	0.852517	0.852517
4.176000	0.853149	0.853149
4.178000	0.854098	0.854098
4.180000	0.852833	0.852833
4.182000	0.852833	0.852833
4.184000	0.853465	0.853465
4.186000	0.852833	0.852833
4.188000	0.852833	0.852833
4.190000	0.852833	0.852833
4.192000	0.853465	0.853465
4.194000	0.853149	0.853149
4.196000	0.854098	0.854098
4.198000	0.853465	0.853465
4.200000	0.853465	0.853465
4.202000	0.852517	0.852517
4.204000	0.852833	0.852833
4.206000	0.853782	0.853782
4.208000	0.852201	0.852201
4.210000	0.852517	0.852517
4.212000	0.853149	0.853149
4.214000	0.853782	0.853782
4.216000	0.854414	0.854414
4.218000	0.851885	0.851885
4.220000	0.853782	0.853782
4.222000	0.852201	0.852201
4.224000	0.853149	0.853149
4.226000	0.853465	0.853465
4.228000	0.852201	0.852201
4.230000	0.853149	0.853149
4.232000	0.852833	0.852833
4.234000	0.852833	0.852833
4.236000	0.853465	0.853465
4.238000	0.853149	0.853149
4.240000	0.853465	0.853465
4.242000	0.851569	0.851569
4.244000	0.854414	0.854414
4.246000	0.852833	0.852833
4.248000	0.853782	0.853782
4.250000	0.854414	0.854414
4.252000	0.852833	0.852833
4.254000	0.853465	0.853465
4.256000	0.852833	0.852833
4.258000	0.854730	0.854730
4.260000	0.852517	0.852517
4.262000	0.853782	0.853782
4.264000	0.852201	0.852201
4.266000	0.851569	0.851569
4.268000	0.852517	0.852517
4.270000	0.853149	0.853149
4.272000	0.852833	0.852833
4.274000	0.852517	0.852517
4.276000	0.852833	0.852833
4.278000	0.852833	0.852833
4.280000	0.853149	0.853149
4.282000	0.852833	0.852833
4.284000	0.854098	0.854098
4.286000	0.852517	0.852517
4.288000	0.853149	0.853149
4.290000	0.854414	0.854414
4.292000	0.854098	0.854098
4.294000	0.852833	0.852833
4.296000	0.851885	0.851885
4.298000	0.855046	0.855046
4.300000	0.853782	0.853782
4.302000	0.853465	0.853465
4.304000	0.852201	0.852201
4.306000	0.853465	0.853465
4.308000	0.853465	0.853465
4.310000	0.852833	0.852833
4.312000	0.851885	0.851885
4.314000	0.852201	0.852201
4.316000	0.853782	0.853782
4.318000	0.853465	0.853465
4.320000	0.853465	0.853465
4.322000	0.853465	0.853465
4.324000	0.852833	0.852833
4.326000	0.851569	0.851569
4.328000	0.854098	0.854098
4.330000	0.853149	0.853149
4.332000	0.852517	0.852517
4.334000	0.853149	0.853149
4.336000	0.853149	0.853149
4.338000	0.852201	0.852201
4.340000	0.852201	0.852201
4.342000	0.852201	0.852201
4.344000	0.851885	0.851885
4.346000	0.853465	0.853465
4.348000	0.853149	0.853149
4.350000	0.852833	0.852833
4.352000	0.851885	0.851885
4.354000	0.852833	0.852833
4.356000	0.852517	0.852517
4.358000	0.852833	0.852833
4.360000	0.852833	0.852833
4.362000	0.852833	0.852833
4.364000	0.853149	0.853149
4.366000	0.852517	0.852517
4.368000	0.853149	0.853149
4.370000	0.851569	0.851569
4.372000	0.849357	0.849357
4.374000	0.849989	0.849989
4.376000	0.851885	0.851885
4.378000	0.846828	0.846828
4.380000	0.837030	0.837030
4.382000	0.828812	0.828812
4.384000	0.808900	0.808900
4.386000	0.817434	0.817434
4.388000	0.843035	0.843035
4.390000	0.861683	0.861683
4.392000	0.840507	0.840507
4.394000	0.813957	0.813957
4.396000	0.810164	0.810164
4.398000	0.831973	0.831973
4.400000	0.856626	0.856626
4.402000	0.850621	0.850621
4.404000	0.823123	0.823123
4.406000	0.805107	0.805107
4.408000	0.819962	0.819962
4.410000	0.849357	0.849357
4.412000	0.857574	0.857574
4.414000	0.841455	0.841455
4.416000	0.820279	0.820279
4.418000	0.822491	0.822491
4.420000	0.845248	0.845248
4.422000	0.865160	0.865160
4.424000	0.857574	0.857574
4.426000	0.835766	0.835766
4.428000	0.825652	0.825652
4.430000	0.842087	0.842087
4.432000	0.861367	0.861367
4.434000	0.865476	0.865476
4.436000	0.847144	0.847144
4.438000	0.831025	0.831025
4.440000	0.835450	0.835450
4.442000	0.855362	0.855362
4.444000	0.868004	0.868004
4.446000	0.856942	0.856942
4.448000	0.836398	0.836398
4.450000	0.832921	0.832921
4.452000	0.846828	0.846828
4.454000	0.862315	0.862315
4.456000	0.862315	0.862315
4.458000	0.843983	0.843983
4.460000	0.832605	0.832605
4.462000	0.839559	0.839559
4.464000	0.855678	0.855678
4.466000	0.864212	0.864212
4.468000	0.854730	0.854730
4.470000	0.837978	0.837978
4.472000	0.835766	0.835766
4.474000	0.848724	0.848724
4.476000	0.863580	0.863580
4.478000	0.857890	0.857890
4.480000	0.844300	0.844300
4.482000	0.835766	0.835766
4.484000	0.842719	0.842719
4.486000	0.856310	0.856310
4.488000	0.860735	0.860735
4.490000	0.849673	0.849673
4.492000	0.838294	0.838294
4.494000	0.837346	0.837346
4.496000	0.849673	0.849673
4.498000	0.859155	0.859155
4.500000	0.855362	0.855362
4.502000	0.842087	0.842087
4.504000	0.839242	0.839242
4.506000	0.845564	0.845564
4.508000	0.858206	0.858206
4.510000	0.858206	0.858206
4.512000	0.848724	0.848724
4.514000	0.837978	0.837978
4.516000	0.839559	0.839559
4.518000	0.850937	0.850937
4.520000	0.859155	0.859155
4.522000	0.850937	0.850937
4.524000	0.840823	0.840823
4.526000	0.837978	0.837978
4.528000	0.846828	0.846828
4.530000	0.857890	0.857890
4.532000	0.856942	0.856942
4.534000	0.847460	0.847460
4.536000	0.838610	0.838610
4.538000	0.842403	0.842403
4.540000	0.851569	0.851569
4.542000	0.857574	0.857574
4.544000	0.850305	0.850305
4.546000	0.841771	0.841771
4.548000	0.841455	0.841455
4.550000	0.849357	0.849357
4.552000	0.856310	0.856310
4.554000	0.856310	0.856310
4.556000	0.845880	0.845880
4.558000	0.839559	0.839559
4.560000	0.843035	0.843035
4.562000	0.853465	0.853465
4.564000	0.857574	0.857574
4.566000	0.849041	0.849041
4.568000	0.840823	0.840823
4.570000	0.841771	0.841771
4.572000	0.850621	0.850621
4.574000	0.856626	0.856626
4.576000	0.852833	0.852833
4.578000	0.844300	0.844300
4.580000	0.840507	0.840507
4.582000	0.846196	0.846196
4.584000	0.854730	0.854730
4.586000	0.855678	0.855678
4.588000	0.849041	0.849041
4.590000	0.842087	0.842087
4.592000	0.843351	0.843351
4.594000	0.853149	0.853149
4.596000	0.856626	0.856626
4.598000	0.851885	0.851885
4.600000	0.844616	0.844616
4.602000	0.842087	0.842087
4.604000	0.850621	0.850621
4.606000	0.855362	0.855362
4.608000	0.855994	0.855994
4.610000	0.848724	0.848724
4.612000	0.843351	0.843351
4.614000	0.847776	0.847776
4.616000	0.854730	0.854730
4.618000	0.855678	0.855678
4.620000	0.849989	0.849989
4.622000	0.844300	0.844300
4.624000	0.846196	0.846196
4.626000	0.851885	0.851885
4.628000	0.856626	0.856626
4.630000	0.851885	0.851885
4.632000	0.846512	0.846512
4.634000	0.844300	0.844300
4.636000	0.847460	0.847460
4.638000	0.854414	0.854414
4.640000	0.852833	0.852833
4.642000	0.847776	0.847776
4.644000	0.843351	0.843351
4.646000	0.845248	0.845248
4.648000	0.852201	0.852201
4.650000	0.854414	0.854414
4.652000	0.852517	0.852517
4.654000	0.846196	0.846196
4.656000	0.844932	0.844932
4.658000	0.847776	0.847776
4.660000	0.851253	0.851253
4.662000	0.852201	0.852201
4.664000	0.848408	0.848408
4.666000	0.844616	0.844616
4.668000	0.847144	0.847144
4.670000	0.851885	0.851885
4.672000	0.852201	0.852201
4.674000	0.848092	0.848092
4.676000	0.844616	0.844616
4.678000	0.844616	0.844616
4.680000	0.848408	0.848408
4.682000	0.852201	0.852201
4.684000	0.849673	0.849673
4.686000	0.844932	0.844932
4.688000	0.843351	0.843351
4.690000	0.847460	0.847460
4.692000	0.849041	0.849041
4.694000	0.850621	0.850621
4.696000	0.849041	0.849041
4.698000	0.844616	0.844616
4.700000	0.846196	0.846196
4.702000	0.848724	0.848724
4.704000	0.850937	0.850937
4.706000	0.850305	0.850305
4.708000	0.846512	0.846512
4.710000	0.844300	0.844300
4.712000	0.849041	0.849041
4.714000	0.849989	0.849989
4.716000	0.850305	0.850305
4.718000	0.846828	0.846828
4.720000	0.846512	0.846512
4.722000	0.847144	0.847144
4.724000	0.848408	0.848408
4.726000	0.851253	0.851253
4.728000	0.848724	0.848724
4.730000	0.844616	0.844616
4.732000	0.846196	0.846196
4.734000	0.849357	0.849357
4.736000	0.851885	0.851885
4.738000	0.850621	0.850621
4.740000	0.848092	0.848092
4.742000	0.846196	0.846196
4.744000	0.847144	0.847144
4.746000	0.850621	0.850621
4.748000	0.852201	0.852201
4.750000	0.849673	0.849673
4.752000	0.846828	0.846828
4.754000	0.848092	0.848092
4.756000	0.849673	0.849673
4.758000	0.853465	0.853465
4.760000	0.852833	0.852833
4.762000	0.849041	0.849041
4.764000	0.848408	0.848408
4.766000	0.851569	0.851569
4.768000	0.853465	0.853465
4.770000	0.852201	0.852201
4.772000	0.849673	0.849673
4.774000	0.848092	0.848092
4.776000	0.849041	0.849041
4.778000	0.851885	0.851885
4.780000	0.853149	0.853149
4.782000	0.849673	0.849673
4.784000	0.847144	0.847144
4.786000	0.847460	0.847460
4.788000	0.849989	0.849989
4.790000	0.851253	0.851253
4.792000	0.850937	0.850937
4.794000	0.849673	0.849673
4.796000	0.848092	0.848092
4.798000	0.848092	0.848092
4.800000	0.849041	0.849041
4.802000	0.850937	0.850937
4.804000	0.849357	0.849357
4.806000	0.845564	0.845564
4.808000	0.846196	0.846196
4.810000	0.848724	0.848724
4.812000	0.849041	0.849041
4.814000	0.849041	0.849041
4.816000	0.846828	0.846828
4.818000	0.846828	0.846828
4.820000	0.848408	0.848408
4.822000	0.848724	0.848724
4.824000	0.850305	0.850305
4.826000	0.846196	0.846196
4.828000	0.845564	0.845564
4.830000	0.847776	0.847776
4.832000	0.849989	0.849989
4.834000	0.850621	0.850621
4.836000	0.849673	0.849673
4.838000	0.850305	0.850305
4.840000	0.848092	0.848092
4.842000	0.851253	0.851253
4.844000	0.849673	0.849673
4.846000	0.850305	0.850305
4.848000	0.847144	0.847144
4.850000	0.847144	0.847144
4.852000	0.847460	0.847460
4.854000	0.849673	0.849673
4.856000	0.850937	0.850937
4.858000	0.848092	0.848092
4.860000	0.847144	0.847144
4.862000	0.848092	0.848092
4.864000	0.850621	0.850621
4.866000	0.849041	0.849041
4.868000	0.851885	0.851885
4.870000	0.848724	0.848724
4.872000	0.850937	0.850937
4.874000	0.850305	0.850305
4.876000	0.849357	0.849357
4.878000	0.851569	0.851569
4.880000	0.849673	0.849673
4.882000	0.848408	0.848408
4.884000	0.847460	0.847460
4.886000	0.850937	0.850937
4.888000	0.849989	0.849989
4.890000	0.848408	0.848408
4.892000	0.850937	0.850937
4.894000	0.849673	0.849673
4.896000	0.848724	0.848724
4.898000	0.849989	0.849989
4.900000	0.850621	0.850621
4.902000	0.848092	0.848092
4.904000	0.849673	0.849673
4.906000	0.849357	0.849357
4.908000	0.848408	0.848408
4.910000	0.849673	0.849673
4.912000	0.847776	0.847776
4.914000	0.848092	0.848092
4.916000	0.848724	0.848724
4.918000	0.848724	0.848724
4.920000	0.849989	0.849989
4.922000	0.848724	0.848724
4.924000	0.849041	0.849041
4.926000	0.847776	0.847776
4.928000	0.849041	0.849041
4.930000	0.849041	0.849041
4.932000	0.849989	0.849989
4.934000	0.849673	0.849673
4.936000	0.848724	0.848724
4.938000	0.848408	0.848408
4.940000	0.849041	0.849041
4.942000	0.850621	0.850621
4.944000	0.850305	0.850305
4.946000	0.849041	0.849041
4.948000	0.847776	0.847776
4.950000	0.848724	0.848724
4.952000	0.849357	0.849357
4.954000	0.848408	0.848408
4.956000	0.849673	0.849673
4.958000	0.847776	0.847776
4.960000	0.850305	0.850305
4.962000	0.849673	0.849673
4.964000	0.849673	0.849673
4.966000	0.849673	0.849673
4.968000	0.848408	0.848408
4.970000	0.847776	0.847776
4.972000	0.847144	0.847144
4.974000	0.849673	0.849673
4.976000	0.849041	0.849041
4.978000	0.848724	0.848724
4.980000	0.849989	0.849989
4.982000	0.849989	0.849989
4.984000	0.847776	0.847776
4.986000	0.849989	0.849989
4.988000	0.849041	0.849041
4.990000	0.848408	0.848408
4.992000	0.849357	0.849357
4.994000	0.850305	0.850305
4.996000	0.849357	0.849357
4.998000	0.848092	0.848092
5.000000	0.848092	0.848092
5.002000	0.848408	0.848408
5.004000	0.848092	0.848092
5.006000	0.849041	0.849041
5.008000	0.849989	0.849989
5.010000	0.845880	0.845880
5.012000	0.847776	0.847776
5.014000	0.847144	0.847144
5.016000	0.847776	0.847776
5.018000	0.850305	0.850305
5.020000	0.847460	0.847460
5.022000	0.846512	0.846512
5.024000	0.845564	0.845564
5.026000	0.847144	0.847144
5.028000	0.846828	0.846828
5.030000	0.847460	0.847460
5.032000	0.848092	0.848092
5.034000	0.848092	0.848092
5.036000	0.846828	0.846828
5.038000	0.846828	0.846828
5.040000	0.848408	0.848408
5.042000	0.846828	0.846828
5.044000	0.847460	0.847460
5.046000	0.847460	0.847460
5.048000	0.847776	0.847776
5.050000	0.849673	0.849673
5.052000	0.848408	0.848408
5.054000	0.848408	0.848408
5.056000	0.847776	0.847776
5.058000	0.847460	0.847460
5.060000	0.849357	0.849357
5.062000	0.849041	0.849041
5.064000	0.847776	0.847776
5.066000	0.848724	0.848724
5.068000	0.847460	0.847460
5.070000	0.848724	0.848724
5.072000	0.848092	0.848092
5.074000	0.849357	0.849357
5.076000	0.847144	0.847144
5.078000	0.847144	0.847144
5.080000	0.848724	0.848724
5.082000	0.849673	0.849673
5.084000	0.849357	0.849357
5.086000	0.848408	0.848408
5.088000	0.848408	0.848408
5.090000	0.847776	0.847776
5.092000	0.848092	0.848092
5.094000	0.847460	0.847460
5.096000	0.849041	0.849041
5.098000	0.847776	0.847776
5.100000	0.848724	0.848724
5.102000	0.848408	0.848408
5.104000	0.848092	0.848092
5.106000	0.849357	0.849357
5.108000	0.849041	0.849041
5.110000	0.847144	0.847144
5.112000	0.849041	0.849041
5.114000	0.849357	0.849357
5.116000	0.848408	0.848408
5.118000	0.846512	0.846512
5.120000	0.847776	0.847776
5.122000	0.847460	0.847460
5.124000	0.848408	0.848408
5.126000	0.847460	0.847460
5.128000	0.849673	0.849673
5.130000	0.849041	0.849041
5.132000	0.849041	0.849041
5.134000	0.848092	0.848092
5.136000	0.848092	0.848092
5.138000	0.849357	0.849357
5.140000	0.847460	0.847460
5.142000	0.848408	0.848408
5.144000	0.849041	0.849041
5.146000	0.848408	0.848408
5.148000	0.849041	0.849041
5.150000	0.847776	0.847776
5.152000	0.847776	0.847776
5.154000	0.849041	0.849041
5.156000	0.847144	0.847144
5.158000	0.850621	0.850621
5.160000	0.847144	0.847144
5.162000	0.849357	0.849357
5.164000	0.848092	0.848092
5.166000	0.849041	0.849041
5.168000	0.848724	0.848724
5.170000	0.849357	0.849357
5.172000	0.849357	0.849357
5.174000	0.848408	0.848408
5.176000	0.848408	0.848408
5.178000	0.849041	0.849041
5.180000	0.848408	0.848408
5.182000	0.848408	0.848408
5.184000	0.847460	0.847460
5.186000	0.848724	0.848724
5.188000	0.846828	0.846828
5.190000	0.847776	0.847776
5.192000	0.847460	0.847460
5.194000	0.848724	0.848724
5.196000	0.848408	0.848408
5.198000	0.846828	0.846828
5.200000	0.848408	0.848408
5.202000	0.847460	0.847460
5.204000	0.848092	0.848092
5.206000	0.847776	0.847776
5.208000	0.849041	0.849041
5.210000	0.848724	0.848724
5.212000	0.846512	0.846512
5.214000	0.849357	0.849357
5.216000	0.846828	0.846828
5.218000	0.848724	0.848724
5.220000	0.847144	0.847144
5.222000	0.848092	0.848092
5.224000	0.848092	0.848092
5.226000	0.847144	0.847144
5.228000	0.848408	0.848408
5.230000	0.848724	0.848724
5.232000	0.848724	0.848724
5.234000	0.849673	0.849673
5.236000	0.847776	0.847776
5.238000	0.849673	0.849673
5.240000	0.847460	0.847460
5.242000	0.848092	0.848092
5.244000	0.848724	0.848724
5.246000	0.847776	0.847776
5.248000	0.848724	0.848724
5.250000	0.848092	0.848092
5.252000	0.847776	0.847776
5.254000	0.845564	0.845564
5.256000	0.847460	0.847460
5.258000	0.847776	0.847776
5.260000	0.846828	0.846828
5.262000	0.846512	0.846512
5.264000	0.846828	0.846828
5.266000	0.848092	0.848092
5.268000	0.847460	0.847460
5.270000	0.847460	0.847460
5.272000	0.847776	0.847776
5.274000	0.847776	0.847776
5.276000	0.849041	0.849041
5.278000	0.847460	0.847460
5.280000	0.849041	0.849041
5.282000	0.848724	0.848724
5.284000	0.849357	0.849357
5.286000	0.849673	0.849673
5.288000	0.848408	0.848408
5.290000	0.849357	0.849357
5.292000	0.846828	0.846828
5.294000	0.847460	0.847460
5.296000	0.848092	0.848092
5.298000	0.848724	0.848724
5.300000	0.848408	0.848408
5.302000	0.849041	0.849041
5.304000	0.847776	0.847776
5.306000	0.848408	0.848408
5.308000	0.849357	0.849357
5.310000	0.846828	0.846828
5.312000	0.847460	0.847460
5.314000	0.848408	0.848408
5.316000	0.848408	0.848408
5.318000	0.848408	0.848408
5.320000	0.848724	0.848724
5.322000	0.848092	0.848092
5.324000	0.848408	0.848408
5.326000	0.849357	0.849357
5.328000	0.850305	0.850305
5.330000	0.849673	0.849673
5.332000	0.849989	0.849989
5.334000	0.848092	0.848092
5.336000	0.849673	0.849673
5.338000	0.849673	0.849673
5.340000	0.850305	0.850305
5.342000	0.850305	0.850305
5.344000	0.848092	0.848092
5.346000	0.849041	0.849041
5.348000	0.849041	0.849041
5.350000	0.850305	0.850305
5.352000	0.851569	0.851569
5.354000	0.848408	0.848408
5.356000	0.848092	0.848092
5.358000	0.849673	0.849673
5.360000	0.847776	0.847776
5.362000	0.849041	0.849041
5.364000	0.848408	0.848408
5.366000	0.847776	0.847776
5.368000	0.846512	0.846512
5.370000	0.847460	0.847460
5.372000	0.846828	0.846828
5.374000	0.847144	0.847144
5.376000	0.847144	0.847144
5.378000	0.847776	0.847776
5.380000	0.846828	0.846828
5.382000	0.849041	0.849041
5.384000	0.848408	0.848408
5.386000	0.847144	0.847144
5.388000	0.847144	0.847144
5.390000	0.848092	0.848092
5.392000	0.847776	0.847776
5.394000	0.847460	0.847460
5.396000	0.848724	0.848724
5.398000	0.849041	0.849041
5.400000	0.848092	0.848092
5.402000	0.847460	0.847460
5.404000	0.849673	0.849673
5.406000	0.847460	0.847460
5.408000	0.848408	0.848408
5.410000	0.847776	0.847776
5.412000	0.849357	0.849357
5.414000	0.848724	0.848724
5.416000	0.848408	0.848408
5.418000	0.849989	0.849989
5.420000	0.849989	0.849989
5.422000	0.849041	0.849041
5.424000	0.849673	0.849673
5.426000	0.848724	0.848724
5.428000	0.850621	0.850621
5.430000	0.849673	0.849673
5.432000	0.849673	0.849673
5.434000	0.849041	0.849041
5.436000	0.849357	0.849357
5.438000	0.849989	0.849989
5.440000	0.849673	0.849673
5.442000	0.848408	0.848408
5.444000	0.847776	0.847776
5.446000	0.848092	0.848092
5.448000	0.848408	0.848408
5.450000	0.848724	0.848724
5.452000	0.849041	0.849041
5.454000	0.848724	0.848724
5.456000	0.848092	0.848092
5.458000	0.849041	0.849041
5.460000	0.850621	0.850621
5.462000	0.848724	0.848724
5.464000	0.849041	0.849041
5.466000	0.849041	0.849041
5.468000	0.850621	0.850621
5.470000	0.848724	0.848724
5.472000	0.847460	0.847460
5.474000	0.847776	0.847776
5.476000	0.847776	0.847776
5.478000	0.849989	0.849989
5.480000	0.848724	0.848724
5.482000	0.847776	0.847776
5.484000	0.847776	0.847776
5.486000	0.847460	0.847460
5.488000	0.850305	0.850305
5.490000	0.849673	0.849673
5.492000	0.848724	0.848724
5.494000	0.848092	0.848092
5.496000	0.848092	0.848092
5.498000	0.847776	0.847776
5.500000	0.847776	0.847776
5.502000	0.846512	0.846512
5.504000	0.847460	0.847460
5.506000	0.847460	0.847460
5.508000	0.847144	0.847144
5.510000	0.848092	0.848092
5.512000	0.848724	0.848724
5.514000	0.849357	0.849357
5.516000	0.847144	0.847144
5.518000	0.847776	0.847776
5.520000	0.847776	0.847776
5.522000	0.847776	0.847776
5.524000	0.848092	0.848092
5.526000	0.847460	0.847460
5.528000	0.847776	0.847776
5.530000	0.846512	0.846512
5.532000	0.848724	0.848724
5.534000	0.848724	0.848724
5.536000	0.847144	0.847144
5.538000	0.844616	0.844616
5.540000	0.845880	0.845880
5.542000	0.846512	0.846512
5.544000	0.847144	0.847144
5.546000	0.848724	0.848724
5.548000	0.846828	0.846828
5.550000	0.847460	0.847460
5.552000	0.846828	0.846828
5.554000	0.848092	0.848092
5.556000	0.846828	0.846828
5.558000	0.847144	0.847144
5.560000	0.847144	0.847144
5.562000	0.846828	0.846828
5.564000	0.846828	0.846828
5.566000	0.848724	0.848724
5.568000	0.849357	0.849357
5.570000	0.845880	0.845880
5.572000	0.846512	0.846512
5.574000	0.846828	0.846828
5.576000	0.847144	0.847144
5.578000	0.847144	0.847144
5.580000	0.848092	0.848092
5.582000	0.847776	0.847776
5.584000	0.849357	0.849357
5.586000	0.846196	0.846196
5.588000	0.848724	0.848724
5.590000	0.849989	0.849989
5.592000	0.848408	0.848408
5.594000	0.849357	0.849357
5.596000	0.848724	0.848724
5.598000	0.849041	0.849041
5.600000	0.849673	0.849673
5.602000	0.849041	0.849041
5.604000	0.848724	0.848724
5.606000	0.849041	0.849041
5.608000	0.850937	0.850937
5.610000	0.849673	0.849673
5.612000	0.846828	0.846828
5.614000	0.848408	0.848408
5.616000	0.847776	0.847776
5.618000	0.847460	0.847460
5.620000	0.847460	0.847460
5.622000	0.848408	0.848408
5.624000	0.848408	0.848408
5.626000	0.849357	0.849357
5.628000	0.849673	0.849673
5.630000	0.848724	0.848724
5.632000	0.848724	0.848724
5.634000	0.849041	0.849041
5.636000	0.849989	0.849989
5.638000	0.848408	0.848408
5.640000	0.845564	0.845564
5.642000	0.847460	0.847460
5.644000	0.848724	0.848724
5.646000	0.847144	0.847144
5.648000	0.849673	0.849673
5.650000	0.849041	0.849041
5.652000	0.848408	0.848408
5.654000	0.848092	0.848092
5.656000	0.848724	0.848724
5.658000	0.849041	0.849041
5.660000	0.849673	0.849673
5.662000	0.847776	0.847776
5.664000	0.848092	0.848092
5.666000	0.848724	0.848724
5.668000	0.849041	0.849041
5.670000	0.847776	0.847776
5.672000	0.849041	0.849041
5.674000	0.848092	0.848092
5.676000	0.848408	0.848408
5.678000	0.848724	0.848724
5.680000	0.848724	0.848724
5.682000	0.847776	0.847776
5.684000	0.849357	0.849357
5.686000	0.849673	0.849673
5.688000	0.847776	0.847776
5.690000	0.848724	0.848724
5.692000	0.849041	0.849041
5.694000	0.846512	0.846512
5.696000	0.846828	0.846828
5.698000	0.847776	0.847776
5.700000	0.847776	0.847776
5.702000	0.848092	0.848092
5.704000	0.848092	0.848092
5.706000	0.847460	0.847460
5.708000	0.846828	0.846828
5.710000	0.844932	0.844932
5.712000	0.848092	0.848092
5.714000	0.844932	0.844932
5.716000	0.844616	0.844616
5.718000	0.843983	0.843983
5.720000	0.845248	0.845248
5.722000	0.844616	0.844616
5.724000	0.847460	0.847460
5.726000	0.846196	0.846196
5.728000	0.844300	0.844300
5.730000	0.845248	0.845248
5.732000	0.847144	0.847144
5.734000	0.847460	0.847460
5.736000	0.847776	0.847776
5.738000	0.846512	0.846512
5.740000	0.845880	0.845880
5.742000	0.846196	0.846196
5.744000	0.849673	0.849673
5.746000	0.848408	0.848408
5.748000	0.847460	0.847460
5.750000	0.846196	0.846196
5.752000	0.847144	0.847144
5.754000	0.846828	0.846828
5.756000	0.848408	0.848408
5.758000	0.846828	0.846828
5.760000	0.847144	0.847144
5.762000	0.846512	0.846512
5.764000	0.846828	0.846828
5.766000	0.847460	0.847460
5.768000	0.847460	0.847460
5.770000	0.847776	0.847776
5.772000	0.848408	0.848408
5.774000	0.846196	0.846196
5.776000	0.847776	0.847776
5.778000	0.848092	0.848092
5.780000	0.848408	0.848408
5.782000	0.847144	0.847144
5.784000	0.847460	0.847460
5.786000	0.846828	0.846828
5.788000	0.846512	0.846512
5.790000	0.847144	0.847144
5.792000	0.846196	0.846196
5.794000	0.846828	0.846828
5.796000	0.848724	0.848724
5.798000	0.847776	0.847776
5.800000	0.846828	0.846828
5.802000	0.846828	0.846828
5.804000	0.848408	0.848408
5.806000	0.846512	0.846512
5.808000	0.847776	0.847776
5.810000	0.848408	0.848408
5.812000	0.847144	0.847144
5.814000	0.846828	0.846828
5.816000	0.847460	0.847460
5.818000	0.849041	0.849041
5.820000	0.847460	0.847460
5.822000	0.847460	0.847460
5.824000	0.847776	0.847776
5.826000	0.847144	0.847144
5.828000	0.847460	0.847460
5.830000	0.846828	0.846828
5.832000	0.848408	0.848408
5.834000	0.846512	0.846512
5.836000	0.848408	0.848408
5.838000	0.848724	0.848724
5.840000	0.848724	0.848724
5.842000	0.847776	0.847776
5.844000	0.846512	0.846512
5.846000	0.847460	0.847460
5.848000	0.847460	0.847460
5.850000	0.847144	0.847144
5.852000	0.848724	0.848724
5.854000	0.847776	0.847776
5.856000	0.846828	0.846828
5.858000	0.847776	0.847776
5.860000	0.846196	0.846196
5.862000	0.846512	0.846512
5.864000	0.847776	0.847776
5.866000	0.847144	0.847144
5.868000	0.846512	0.846512
5.870000	0.847144	0.847144
5.872000	0.848408	0.848408
5.874000	0.847776	0.847776
5.876000	0.846828	0.846828
5.878000	0.846512	0.846512
5.880000	0.847144	0.847144
5.882000	0.848408	0.848408
5.884000	0.846196	0.846196
5.886000	0.849357	0.849357
5.888000	0.847460	0.847460
5.890000	0.844300	0.844300
5.892000	0.846512	0.846512
5.894000	0.847144	0.847144
5.896000	0.847144	0.847144
5.898000	0.847144	0.847144
5.900000	0.845880	0.845880
5.902000	0.846828	0.846828
5.904000	0.848092	0.848092
5.906000	0.845564	0.845564
5.908000	0.846512	0.846512
5.910000	0.847144	0.847144
5.912000	0.845880	0.845880
5.914000	0.847144	0.847144
5.916000	0.848092	0.848092
5.918000	0.847776	0.847776
5.920000	0.847144	0.847144
5.922000	0.847144	0.847144
5.924000	0.848724	0.848724
5.926000	0.847460	0.847460
5.928000	0.846512	0.846512
5.930000	0.848408	0.848408
5.932000	0.846828	0.846828
5.934000	0.847460	0.847460
5.936000	0.847144	0.847144
5.938000	0.847776	0.847776
5.940000	0.848724	0.848724
5.942000	0.848408	0.848408
5.944000	0.847776	0.847776
5.946000	0.845564	0.845564
5.948000	0.848092	0.848092
5.950000	0.847460	0.847460
5.952000	0.848408	0.848408
5.954000	0.847460	0.847460
5.956000	0.847460	0.847460
5.958000	0.848092	0.848092
5.960000	0.847776	0.847776
5.962000	0.847144	0.847144
5.964000	0.846828	0.846828
5.966000	0.848408	0.848408
5.968000	0.846512	0.846512
5.970000	0.849989	0.849989
5.972000	0.847776	0.847776
5.974000	0.846512	0.846512
5.976000	0.846196	0.846196
5.978000	0.847144	0.847144
5.980000	0.847460	0.847460
5.982000	0.847460	0.847460
5.984000	0.846196	0.846196
5.986000	0.847144	0.847144
5.988000	0.848092	0.848092
5.990000	0.847776	0.847776
5.992000	0.846512	0.846512
5.994000	0.848724	0.848724
5.996000	0.847460	0.847460
5.998000	0.847144	0.847144
6.000000	0.848408	0.848408
6.002000	0.848092	0.848092
6.004000	0.848724	0.848724
6.006000	0.846828	0.846828
6.008000	0.848092	0.848092
6.010000	0.847460	0.847460
6.012000	0.847144	0.847144
6.014000	0.845880	0.845880
6.016000	0.846828	0.846828
6.018000	0.845880	0.845880
6.020000	0.847144	0.847144
6.022000	0.845564	0.845564
6.024000	0.846196	0.846196
6.026000	0.846828	0.846828
6.028000	0.847776	0.847776
6.030000	0.846512	0.846512
6.032000	0.847460	0.847460
6.034000	0.847460	0.847460
6.036000	0.847460	0.847460
6.038000	0.847144	0.847144
6.040000	0.847144	0.847144
6.042000	0.846828	0.846828
6.044000	0.846828	0.846828
6.046000	0.847776	0.847776
6.048000	0.850305	0.850305
6.050000	0.845880	0.845880
6.052000	0.848092	0.848092
6.054000	0.847776	0.847776
6.056000	0.846512	0.846512
6.058000	0.846196	0.846196
6.060000	0.846828	0.846828
6.062000	0.847144	0.847144
6.064000	0.846512	0.846512
6.066000	0.847460	0.847460
6.068000	0.846512	0.846512
6.070000	0.846512	0.846512
6.072000	0.847144	0.847144
6.074000	0.847460	0.847460
6.076000	0.848724	0.848724
6.078000	0.846828	0.846828
6.080000	0.847776	0.847776
6.082000	0.845880	0.845880
6.084000	0.846512	0.846512
6.086000	0.848724	0.848724
6.088000	0.848092	0.848092
6.090000	0.847460	0.847460
6.092000	0.847144	0.847144
6.094000	0.848724	0.848724
6.096000	0.847144	0.847144
6.098000	0.847460	0.847460
6.100000	0.846512	0.846512
6.102000	0.847144	0.847144
6.104000	0.847144	0.847144
6.106000	0.847776	0.847776
6.108000	0.848092	0.848092
6.110000	0.847144	0.847144
6.112000	0.847460	0.847460
6.114000	0.847144	0.847144
6.116000	0.845880	0.845880
6.118000	0.847460	0.847460
6.120000	0.848408	0.848408
6.122000	0.848092	0.848092
6.124000	0.847144	0.847144
6.126000	0.847144	0.847144
6.128000	0.845880	0.845880
6.130000	0.847460	0.847460
6.132000	0.847460	0.847460
6.134000	0.848408	0.848408
6.136000	0.847460	0.847460
6.138000	0.847776	0.847776
6.140000	0.846196	0.846196
6.142000	0.846196	0.846196
6.144000	0.847776	0.847776
6.146000	0.846828	0.846828
6.148000	0.847144	0.847144
6.150000	0.847460	0.847460
6.152000	0.847776	0.847776
6.154000	0.848408	0.848408
6.156000	0.846512	0.846512
6.158000	0.846512	0.846512
6.160000	0.845880	0.845880
6.162000	0.848092	0.848092
6.164000	0.846828	0.846828
6.166000	0.847776	0.847776
6.168000	0.846512	0.846512
6.170000	0.846828	0.846828
6.172000	0.847776	0.847776
6.174000	0.847776	0.847776
6.176000	0.848092	0.848092
6.178000	0.849041	0.849041
6.180000	0.847776	0.847776
6.182000	0.845564	0.845564
6.184000	0.846512	0.846512
6.186000	0.846828	0.846828
6.188000	0.847144	0.847144
6.190000	0.848092	0.848092
6.192000	0.848408	0.848408
6.194000	0.847144	0.847144
6.196000	0.848408	0.848408
6.198000	0.847776	0.847776
6.200000	0.847144	0.847144
6.202000	0.846512	0.846512
6.204000	0.847144	0.847144
6.206000	0.846828	0.846828
6.208000	0.848092	0.848092
6.210000	0.847460	0.847460
6.212000	0.847144	0.847144
6.214000	0.847144	0.847144
6.216000	0.846828	0.846828
6.218000	0.846196	0.846196
6.220000	0.846828	0.846828
6.222000	0.848724	0.848724
6.224000	0.846828	0.846828
6.226000	0.846196	0.846196
6.228000	0.847776	0.847776
6.230000	0.847144	0.847144
6.232000	0.846512	0.846512
6.234000	0.847460	0.847460
6.236000	0.846512	0.846512
6.238000	0.848092	0.848092
6.240000	0.848092	0.848092
6.242000	0.847776	0.847776
6.244000	0.847144	0.847144
6.246000	0.846512	0.846512
6.248000	0.847776	0.847776
6.250000	0.846196	0.846196
6.252000	0.849041	0.849041
6.254000	0.847776	0.847776
6.256000	0.845880	0.845880
6.258000	0.847776	0.847776
6.260000	0.845880	0.845880
6.262000	0.849673	0.849673
6.264000	0.846512	0.846512
6.266000	0.848092	0.848092
6.268000	0.847144	0.847144
6.270000	0.845880	0.845880
6.272000	0.848408	0.848408
6.274000	0.847144	0.847144
6.276000	0.849041	0.849041
6.278000	0.847144	0.847144
6.280000	0.847460	0.847460
6.282000	0.846512	0.846512
6.284000	0.847460	0.847460
6.286000	0.849041	0.849041
6.288000	0.847460	0.847460
6.290000	0.849041	0.849041
6.292000	0.847460	0.847460
6.294000	0.846196	0.846196
6.296000	0.846828	0.846828
6.298000	0.848408	0.848408
6.300000	0.847144	0.847144
6.302000	0.848092	0.848092
6.304000	0.847776	0.847776
6.306000	0.847776	0.847776
6.308000	0.848092	0.848092
6.310000	0.849041	0.849041
6.312000	0.848092	0.848092
6.314000	0.848724	0.848724
6.316000	0.846196	0.846196
6.318000	0.847460	0.847460
6.320000	0.847144	0.847144
6.322000	0.848408	0.848408
6.324000	0.848092	0.848092
6.326000	0.849041	0.849041
6.328000	0.848092	0.848092
6.330000	0.847460	0.847460
6.332000	0.846512	0.846512
6.334000	0.848092	0.848092
6.336000	0.846512	0.846512
6.338000	0.847776	0.847776
6.340000	0.846828	0.846828
6.342000	0.847144	0.847144
6.344000	0.845880	0.845880
6.346000	0.844932	0.844932
6.348000	0.847776	0.847776
6.350000	0.847144	0.847144
6.352000	0.847776	0.847776
6.354000	0.847144	0.847144
6.356000	0.845564	0.845564
6.358000	0.847460	0.847460
6.360000	0.849041	0.849041
6.362000	0.847776	0.847776
6.364000	0.847776	0.847776
6.366000	0.847144	0.847144
6.368000	0.848092	0.848092
6.370000	0.847144	0.847144
6.372000	0.846828	0.846828
6.374000	0.847144	0.847144
6.376000	0.848092	0.848092
6.378000	0.846828	0.846828
6.380000	0.847776	0.847776
6.382000	0.847460	0.847460
6.384000	0.847776	0.847776
6.386000	0.846828	0.846828
6.388000	0.848092	0.848092
6.390000	0.847776	0.847776
6.392000	0.846828	0.846828
6.394000	0.847460	0.847460
6.396000	0.845880	0.845880
6.398000	0.846512	0.846512
6.400000	0.846512	0.846512
6.402000	0.846828	0.846828
6.404000	0.845880	0.845880
6.406000	0.848092	0.848092
6.408000	0.846828	0.846828
6.410000	0.845880	0.845880
6.412000	0.846512	0.846512
6.414000	0.846196	0.846196
6.416000	0.847144	0.847144
6.418000	0.847460	0.847460
6.420000	0.846828	0.846828
6.422000	0.846828	0.846828
6.424000	0.847776	0.847776
6.426000	0.847144	0.847144
6.428000	0.847776	0.847776
6.430000	0.848092	0.848092
6.432000	0.846828	0.846828
6.434000	0.848408	0.848408
6.436000	0.846512	0.846512
6.438000	0.846512	0.846512
6.440000	0.846828	0.846828
6.442000	0.848408	0.848408
6.444000	0.846828	0.846828
6.446000	0.847144	0.847144
6.448000	0.848092	0.848092
6.450000	0.845564	0.845564
6.452000	0.846828	0.846828
6.454000	0.848408	0.848408
6.456000	0.846512	0.846512
6.458000	0.846828	0.846828
6.460000	0.846828	0.846828
6.462000	0.848724	0.848724
6.464000	0.847460	0.847460
6.466000	0.848724	0.848724
6.468000	0.847460	0.847460
6.470000	0.848092	0.848092
6.472000	0.846512	0.846512
6.474000	0.847144	0.847144
6.476000	0.848092	0.848092
6.478000	0.850937	0.850937
6.480000	0.848724	0.848724
6.482000	0.847144	0.847144
6.484000	0.848408	0.848408
6.486000	0.846828	0.846828
6.488000	0.848408	0.848408
6.490000	0.846828	0.846828
6.492000	0.846828	0.846828
6.494000	0.846828	0.846828
6.496000	0.846828	0.846828
6.498000	0.846196	0.846196
6.500000	0.845248	0.845248
6.502000	0.846828	0.846828
6.504000	0.848724	0.848724
6.506000	0.847776	0.847776
6.508000	0.845880	0.845880
6.510000	0.846828	0.846828
6.512000	0.848092	0.848092
6.514000	0.847460	0.847460
6.516000	0.846828	0.846828
6.518000	0.847144	0.847144
6.520000	0.848408	0.848408
6.522000	0.847776	0.847776
6.524000	0.851569	0.851569
6.526000	0.847460	0.847460
6.528000	0.848092	0.848092
6.530000	0.849989	0.849989
6.532000	0.846512	0.846512
6.534000	0.848724	0.848724
6.536000	0.847460	0.847460
6.538000	0.849041	0.849041
6.540000	0.848408	0.848408
6.542000	0.847144	0.847144
6.544000	0.848092	0.848092
6.546000	0.850305	0.850305
6.548000	0.848724	0.848724
6.550000	0.849989	0.849989
6.552000	0.847776	0.847776
6.554000	0.848408	0.848408
6.556000	0.849041	0.849041
6.558000	0.848408	0.848408
6.560000	0.846828	0.846828
6.562000	0.847776	0.847776
6.564000	0.848724	0.848724
6.566000	0.847460	0.847460
6.568000	0.849041	0.849041
6.570000	0.846512	0.846512
6.572000	0.846828	0.846828
6.574000	0.844932	0.844932
6.576000	0.846196	0.846196
6.578000	0.848724	0.848724
6.580000	0.848092	0.848092
6.582000	0.847460	0.847460
6.584000	0.848092	0.848092
6.586000	0.848408	0.848408
6.588000	0.849673	0.849673
6.590000	0.849357	0.849357
6.592000	0.847460	0.847460
6.594000	0.848724	0.848724
6.596000	0.848724	0.848724
6.598000	0.850621	0.850621
6.600000	0.850305	0.850305
6.602000	0.849673	0.849673
6.604000	0.848092	0.848092
6.606000	0.847776	0.847776
6.608000	0.848724	0.848724
6.610000	0.849673	0.849673
6.612000	0.850305	0.850305
6.614000	0.847776	0.847776
6.616000	0.847776	0.847776
6.618000	0.848092	0.848092
6.620000	0.849673	0.849673
6.622000	0.849989	0.849989
6.624000	0.849357	0.849357
6.626000	0.849357	0.849357
6.628000	0.849357	0.849357
6.630000	0.849989	0.849989
6.632000	0.847776	0.847776
6.634000	0.849041	0.849041
6.636000	0.847144	0.847144
6.638000	0.847776	0.847776
6.640000	0.847460	0.847460
6.642000	0.845880	0.845880
6.644000	0.847460	0.847460
6.646000	0.847460	0.847460
6.648000	0.847776	0.847776
6.650000	0.845880	0.845880
6.652000	0.847776	0.847776
6.654000	0.846512	0.846512
6.656000	0.847460	0.847460
6.658000	0.845564	0.845564
6.660000	0.847144	0.847144
6.662000	0.846196	0.846196
6.664000	0.847776	0.847776
6.666000	0.847144	0.847144
6.668000	0.845248	0.845248
6.670000	0.846828	0.846828
6.672000	0.845880	0.845880
6.674000	0.846828	0.846828
6.676000	0.846512	0.846512
6.678000	0.847460	0.847460
6.680000	0.848408	0.848408
6.682000	0.847460	0.847460
6.684000	0.847144	0.847144
6.686000	0.847776	0.847776
6.688000	0.848092	0.848092
6.690000	0.848408	0.848408
6.692000	0.847460	0.847460
6.694000	0.849041	0.849041
6.696000	0.848092	0.848092
6.698000	0.848724	0.848724
6.700000	0.847776	0.847776
6.702000	0.848408	0.848408
6.704000	0.847460	0.847460
6.706000	0.846196	0.846196
6.708000	0.848408	0.848408
6.710000	0.847460	0.847460
6.712000	0.848092	0.848092
6.714000	0.847144	0.847144
6.716000	0.847776	0.847776
6.718000	0.849041	0.849041
6.720000	0.847776	0.847776
6.722000	0.847460	0.847460
6.724000	0.847144	0.847144
6.726000	0.848408	0.848408
6.728000	0.848724	0.848724
6.730000	0.848408	0.848408
6.732000	0.847460	0.847460
6.734000	0.848408	0.848408
6.736000	0.847144	0.847144
6.738000	0.845564	0.845564
6.740000	0.847460	0.847460
6.742000	0.846828	0.846828
6.744000	0.848092	0.848092
6.746000	0.847460	0.847460
6.748000	0.848408	0.848408
6.750000	0.847460	0.847460
6.752000	0.849673	0.849673
6.754000	0.847460	0.847460
6.756000	0.846196	0.846196
6.758000	0.849041	0.849041
6.760000	0.848092	0.848092
6.762000	0.845880	0.845880
6.764000	0.849357	0.849357
6.766000	0.847144	0.847144
6.768000	0.847460	0.847460
6.770000	0.848724	0.848724
6.772000	0.847460	0.847460
6.774000	0.847144	0.847144
6.776000	0.847460	0.847460
6.778000	0.848092	0.848092
6.780000	0.847144	0.847144
6.782000	0.848092	0.848092
6.784000	0.846196	0.846196
6.786000	0.848408	0.848408
6.788000	0.847144	0.847144
6.790000	0.847144	0.847144
6.792000	0.847460	0.847460
6.794000	0.848408	0.848408
6.796000	0.849357	0.849357
6.798000	0.847144	0.847144
6.800000	0.848408	0.848408
6.802000	0.848724	0.848724
6.804000	0.847776	0.847776
6.806000	0.847460	0.847460
6.808000	0.848408	0.848408
6.810000	0.847460	0.847460
6.812000	0.848724	0.848724
6.814000	0.848408	0.848408
6.816000	0.847460	0.847460
6.818000	0.847776	0.847776
6.820000	0.847144	0.847144
6.822000	0.846828	0.846828
6.824000	0.848724	0.848724
6.826000	0.849041	0.849041
6.828000	0.847776	0.847776
6.830000	0.847776	0.847776
6.832000	0.846828	0.846828
6.834000	0.847144	0.847144
6.836000	0.848408	0.848408
6.838000	0.849357	0.849357
6.840000	0.845880	0.845880
6.842000	0.847144	0.847144
6.844000	0.848092	0.848092
6.846000	0.848092	0.848092
6.848000	0.848408	0.848408
6.850000	0.848408	0.848408
6.852000	0.848408	0.848408
6.854000	0.847144	0.847144
6.856000	0.848408	0.848408
6.858000	0.848092	0.848092
6.860000	0.848408	0.848408
6.862000	0.847460	0.847460
6.864000	0.846512	0.846512
6.866000	0.847776	0.847776
6.868000	0.847460	0.847460
6.870000	0.848092	0.848092
6.872000	0.847144	0.847144
6.874000	0.848092	0.848092
6.876000	0.846512	0.846512
6.878000	0.849041	0.849041
6.880000	0.848092	0.848092
6.882000	0.847460	0.847460
6.884000	0.848724	0.848724
6.886000	0.847776	0.847776
6.888000	0.847460	0.847460
6.890000	0.847460	0.847460
6.892000	0.848092	0.848092
6.894000	0.845880	0.845880
6.896000	0.847144	0.847144
6.898000	0.846828	0.846828
6.900000	0.846196	0.846196
6.902000	0.846196	0.846196
6.904000	0.848092	0.848092
6.906000	0.847776	0.847776
6.908000	0.848092	0.848092
6.910000	0.845564	0.845564
6.912000	0.848092	0.848092
6.914000	0.845880	0.845880
6.916000	0.847776	0.847776
6.918000	0.847144	0.847144
6.920000	0.847460	0.847460
6.922000	0.849041	0.849041
6.924000	0.847460	0.847460
6.926000	0.846512	0.846512
6.928000	0.848092	0.848092
6.930000	0.849989	0.849989
6.932000	0.848724	0.848724
6.934000	0.848724	0.848724
6.936000	0.848092	0.848092
6.938000	0.848408	0.848408
6.940000	0.847776	0.847776
6.942000	0.848724	0.848724
6.944000	0.848408	0.848408
6.946000	0.849989	0.849989
6.948000	0.849041	0.849041
6.950000	0.849041	0.849041
6.952000	0.848092	0.848092
6.954000	0.847460	0.847460
6.956000	0.847776	0.847776
6.958000	0.847144	0.847144
6.960000	0.849041	0.849041
6.962000	0.846828	0.846828
6.964000	0.849041	0.849041
6.966000	0.849041	0.849041
6.968000	0.849357	0.849357
6.970000	0.847144	0.847144
6.972000	0.847776	0.847776
6.974000	0.848092	0.848092
6.976000	0.847144	0.847144
6.978000	0.848408	0.848408
6.980000	0.847144	0.847144
6.982000	0.848092	0.848092
6.984000	0.847144	0.847144
6.986000	0.849357	0.849357
6.988000	0.846828	0.846828
6.990000	0.846828	0.846828
6.992000	0.847776	0.847776
6.994000	0.848724	0.848724
6.996000	0.847460	0.847460
6.998000	0.846828	0.846828
