11/3/2016
11:27:29 AM

0, CH+=0, CH-=199, Range=+/-10, y=a


Time	v0	y0
0.000000	0.854414	0.854414
0.002000	0.852201	0.852201
0.004000	0.853149	0.853149
0.006000	0.852201	0.852201
0.008000	0.853782	0.853782
0.010000	0.853149	0.853149
0.012000	0.853782	0.853782
0.014000	0.853465	0.853465
0.016000	0.853465	0.853465
0.018000	0.852201	0.852201
0.020000	0.852201	0.852201
0.022000	0.853149	0.853149
0.024000	0.852517	0.852517
0.026000	0.853465	0.853465
0.028000	0.851885	0.851885
0.030000	0.852517	0.852517
0.032000	0.853782	0.853782
0.034000	0.852833	0.852833
0.036000	0.853782	0.853782
0.038000	0.851885	0.851885
0.040000	0.854098	0.854098
0.042000	0.854414	0.854414
0.044000	0.852201	0.852201
0.046000	0.854414	0.854414
0.048000	0.854098	0.854098
0.050000	0.852833	0.852833
0.052000	0.852517	0.852517
0.054000	0.852201	0.852201
0.056000	0.853465	0.853465
0.058000	0.853465	0.853465
0.060000	0.852201	0.852201
0.062000	0.854098	0.854098
0.064000	0.852201	0.852201
0.066000	0.852517	0.852517
0.068000	0.852517	0.852517
0.070000	0.852833	0.852833
0.072000	0.852201	0.852201
0.074000	0.851885	0.851885
0.076000	0.852517	0.852517
0.078000	0.854098	0.854098
0.080000	0.853465	0.853465
0.082000	0.854730	0.854730
0.084000	0.853149	0.853149
0.086000	0.852517	0.852517
0.088000	0.853782	0.853782
0.090000	0.853782	0.853782
0.092000	0.852833	0.852833
0.094000	0.853465	0.853465
0.096000	0.852201	0.852201
0.098000	0.851569	0.851569
0.100000	0.851885	0.851885
0.102000	0.853782	0.853782
0.104000	0.852833	0.852833
0.106000	0.853465	0.853465
0.108000	0.854098	0.854098
0.110000	0.853465	0.853465
0.112000	0.852517	0.852517
0.114000	0.851885	0.851885
0.116000	0.852833	0.852833
0.118000	0.850937	0.850937
0.120000	0.852517	0.852517
0.122000	0.852517	0.852517
0.124000	0.852833	0.852833
0.126000	0.854098	0.854098
0.128000	0.852833	0.852833
0.130000	0.851569	0.851569
0.132000	0.852833	0.852833
0.134000	0.851885	0.851885
0.136000	0.851253	0.851253
0.138000	0.853149	0.853149
0.140000	0.853465	0.853465
0.142000	0.853782	0.853782
0.144000	0.853149	0.853149
0.146000	0.852833	0.852833
0.148000	0.852833	0.852833
0.150000	0.852201	0.852201
0.152000	0.852517	0.852517
0.154000	0.853465	0.853465
0.156000	0.854098	0.854098
0.158000	0.854098	0.854098
0.160000	0.852201	0.852201
0.162000	0.854098	0.854098
0.164000	0.852833	0.852833
0.166000	0.853782	0.853782
0.168000	0.853149	0.853149
0.170000	0.853149	0.853149
0.172000	0.853782	0.853782
0.174000	0.853465	0.853465
0.176000	0.851253	0.851253
0.178000	0.852833	0.852833
0.180000	0.851569	0.851569
0.182000	0.853782	0.853782
0.184000	0.852201	0.852201
0.186000	0.854098	0.854098
0.188000	0.854730	0.854730
0.190000	0.855362	0.855362
0.192000	0.852517	0.852517
0.194000	0.853782	0.853782
0.196000	0.852833	0.852833
0.198000	0.853149	0.853149
0.200000	0.853465	0.853465
0.202000	0.852833	0.852833
0.204000	0.853782	0.853782
0.206000	0.853465	0.853465
0.208000	0.853465	0.853465
0.210000	0.852833	0.852833
0.212000	0.853465	0.853465
0.214000	0.852201	0.852201
0.216000	0.852833	0.852833
0.218000	0.854414	0.854414
0.220000	0.852201	0.852201
0.222000	0.853149	0.853149
0.224000	0.853782	0.853782
0.226000	0.854730	0.854730
0.228000	0.853149	0.853149
0.230000	0.854414	0.854414
0.232000	0.852517	0.852517
0.234000	0.852201	0.852201
0.236000	0.852517	0.852517
0.238000	0.853782	0.853782
0.240000	0.853149	0.853149
0.242000	0.854098	0.854098
0.244000	0.851885	0.851885
0.246000	0.852517	0.852517
0.248000	0.851253	0.851253
0.250000	0.851885	0.851885
0.252000	0.852833	0.852833
0.254000	0.853465	0.853465
0.256000	0.852201	0.852201
0.258000	0.854098	0.854098
0.260000	0.851569	0.851569
0.262000	0.851885	0.851885
0.264000	0.853465	0.853465
0.266000	0.853465	0.853465
0.268000	0.851569	0.851569
0.270000	0.852833	0.852833
0.272000	0.852517	0.852517
0.274000	0.853465	0.853465
0.276000	0.852833	0.852833
0.278000	0.854098	0.854098
0.280000	0.854098	0.854098
0.282000	0.853149	0.853149
0.284000	0.853782	0.853782
0.286000	0.852833	0.852833
0.288000	0.853782	0.853782
0.290000	0.854098	0.854098
0.292000	0.853149	0.853149
0.294000	0.853465	0.853465
0.296000	0.851885	0.851885
0.298000	0.852201	0.852201
0.300000	0.854098	0.854098
0.302000	0.852833	0.852833
0.304000	0.854098	0.854098
0.306000	0.852201	0.852201
0.308000	0.852201	0.852201
0.310000	0.852201	0.852201
0.312000	0.854098	0.854098
0.314000	0.854730	0.854730
0.316000	0.852201	0.852201
0.318000	0.852517	0.852517
0.320000	0.852833	0.852833
0.322000	0.853465	0.853465
0.324000	0.853149	0.853149
0.326000	0.853782	0.853782
0.328000	0.851253	0.851253
0.330000	0.853782	0.853782
0.332000	0.854098	0.854098
0.334000	0.853465	0.853465
0.336000	0.852201	0.852201
0.338000	0.852833	0.852833
0.340000	0.853782	0.853782
0.342000	0.855046	0.855046
0.344000	0.852517	0.852517
0.346000	0.854098	0.854098
0.348000	0.853465	0.853465
0.350000	0.854730	0.854730
0.352000	0.853149	0.853149
0.354000	0.853465	0.853465
0.356000	0.853149	0.853149
0.358000	0.852833	0.852833
0.360000	0.853465	0.853465
0.362000	0.853465	0.853465
0.364000	0.852833	0.852833
0.366000	0.852833	0.852833
0.368000	0.853149	0.853149
0.370000	0.852517	0.852517
0.372000	0.853465	0.853465
0.374000	0.854098	0.854098
0.376000	0.853465	0.853465
0.378000	0.854730	0.854730
0.380000	0.852201	0.852201
0.382000	0.852833	0.852833
0.384000	0.852201	0.852201
0.386000	0.854098	0.854098
0.388000	0.852833	0.852833
0.390000	0.854414	0.854414
0.392000	0.853782	0.853782
0.394000	0.854730	0.854730
0.396000	0.852833	0.852833
0.398000	0.852833	0.852833
0.400000	0.852833	0.852833
0.402000	0.853465	0.853465
0.404000	0.851885	0.851885
0.406000	0.852833	0.852833
0.408000	0.852833	0.852833
0.410000	0.851253	0.851253
0.412000	0.852201	0.852201
0.414000	0.853465	0.853465
0.416000	0.852201	0.852201
0.418000	0.852833	0.852833
0.420000	0.854098	0.854098
0.422000	0.851885	0.851885
0.424000	0.852833	0.852833
0.426000	0.851569	0.851569
0.428000	0.850305	0.850305
0.430000	0.853149	0.853149
0.432000	0.852201	0.852201
0.434000	0.854098	0.854098
0.436000	0.852517	0.852517
0.438000	0.854098	0.854098
0.440000	0.853782	0.853782
0.442000	0.852833	0.852833
0.444000	0.853149	0.853149
0.446000	0.854414	0.854414
0.448000	0.852833	0.852833
0.450000	0.853782	0.853782
0.452000	0.853465	0.853465
0.454000	0.853782	0.853782
0.456000	0.852833	0.852833
0.458000	0.851569	0.851569
0.460000	0.852833	0.852833
0.462000	0.853149	0.853149
0.464000	0.854098	0.854098
0.466000	0.851885	0.851885
0.468000	0.853782	0.853782
0.470000	0.852201	0.852201
0.472000	0.852833	0.852833
0.474000	0.852833	0.852833
0.476000	0.854730	0.854730
0.478000	0.852201	0.852201
0.480000	0.854414	0.854414
0.482000	0.852517	0.852517
0.484000	0.853465	0.853465
0.486000	0.854730	0.854730
0.488000	0.852517	0.852517
0.490000	0.852833	0.852833
0.492000	0.854414	0.854414
0.494000	0.853782	0.853782
0.496000	0.853465	0.853465
0.498000	0.854098	0.854098
0.500000	0.854098	0.854098
0.502000	0.853149	0.853149
0.504000	0.852833	0.852833
0.506000	0.853782	0.853782
0.508000	0.854098	0.854098
0.510000	0.853465	0.853465
0.512000	0.852201	0.852201
0.514000	0.852517	0.852517
0.516000	0.852833	0.852833
0.518000	0.853782	0.853782
0.520000	0.853465	0.853465
0.522000	0.852517	0.852517
0.524000	0.852517	0.852517
0.526000	0.853782	0.853782
0.528000	0.853465	0.853465
0.530000	0.852833	0.852833
0.532000	0.852833	0.852833
0.534000	0.854098	0.854098
0.536000	0.853149	0.853149
0.538000	0.853782	0.853782
0.540000	0.852833	0.852833
0.542000	0.853782	0.853782
0.544000	0.852201	0.852201
0.546000	0.853149	0.853149
0.548000	0.853465	0.853465
0.550000	0.853782	0.853782
0.552000	0.852201	0.852201
0.554000	0.853149	0.853149
0.556000	0.854098	0.854098
0.558000	0.852833	0.852833
0.560000	0.852833	0.852833
0.562000	0.853465	0.853465
0.564000	0.852833	0.852833
0.566000	0.853465	0.853465
0.568000	0.851885	0.851885
0.570000	0.852517	0.852517
0.572000	0.854730	0.854730
0.574000	0.852201	0.852201
0.576000	0.853465	0.853465
0.578000	0.853465	0.853465
0.580000	0.852517	0.852517
0.582000	0.853465	0.853465
0.584000	0.852833	0.852833
0.586000	0.852833	0.852833
0.588000	0.853782	0.853782
0.590000	0.853465	0.853465
0.592000	0.852201	0.852201
0.594000	0.852201	0.852201
0.596000	0.851885	0.851885
0.598000	0.851885	0.851885
0.600000	0.853465	0.853465
0.602000	0.852833	0.852833
0.604000	0.851569	0.851569
0.606000	0.854730	0.854730
0.608000	0.854098	0.854098
0.610000	0.853782	0.853782
0.612000	0.852833	0.852833
0.614000	0.853465	0.853465
0.616000	0.853149	0.853149
0.618000	0.854414	0.854414
0.620000	0.852201	0.852201
0.622000	0.852833	0.852833
0.624000	0.853782	0.853782
0.626000	0.853465	0.853465
0.628000	0.852833	0.852833
0.630000	0.853465	0.853465
0.632000	0.851253	0.851253
0.634000	0.853465	0.853465
0.636000	0.852833	0.852833
0.638000	0.852517	0.852517
0.640000	0.854098	0.854098
0.642000	0.853465	0.853465
0.644000	0.853465	0.853465
0.646000	0.853149	0.853149
0.648000	0.852833	0.852833
0.650000	0.853149	0.853149
0.652000	0.852201	0.852201
0.654000	0.851253	0.851253
0.656000	0.852517	0.852517
0.658000	0.853782	0.853782
0.660000	0.853782	0.853782
0.662000	0.854414	0.854414
0.664000	0.852201	0.852201
0.666000	0.853782	0.853782
0.668000	0.852517	0.852517
0.670000	0.852833	0.852833
0.672000	0.851885	0.851885
0.674000	0.853465	0.853465
0.676000	0.853149	0.853149
0.678000	0.852833	0.852833
0.680000	0.852833	0.852833
0.682000	0.853782	0.853782
0.684000	0.854098	0.854098
0.686000	0.853149	0.853149
0.688000	0.852833	0.852833
0.690000	0.853465	0.853465
0.692000	0.853465	0.853465
0.694000	0.853149	0.853149
0.696000	0.852833	0.852833
0.698000	0.853465	0.853465
0.700000	0.852833	0.852833
0.702000	0.853782	0.853782
0.704000	0.853465	0.853465
0.706000	0.853465	0.853465
0.708000	0.851885	0.851885
0.710000	0.853465	0.853465
0.712000	0.853465	0.853465
0.714000	0.853465	0.853465
0.716000	0.852833	0.852833
0.718000	0.852833	0.852833
0.720000	0.852201	0.852201
0.722000	0.853465	0.853465
0.724000	0.855046	0.855046
0.726000	0.853149	0.853149
0.728000	0.852517	0.852517
0.730000	0.853149	0.853149
0.732000	0.853149	0.853149
0.734000	0.853149	0.853149
0.736000	0.853465	0.853465
0.738000	0.852833	0.852833
0.740000	0.852833	0.852833
0.742000	0.852201	0.852201
0.744000	0.853149	0.853149
0.746000	0.852517	0.852517
0.748000	0.853782	0.853782
0.750000	0.852833	0.852833
0.752000	0.851885	0.851885
0.754000	0.853465	0.853465
0.756000	0.853149	0.853149
0.758000	0.852517	0.852517
0.760000	0.852201	0.852201
0.762000	0.852517	0.852517
0.764000	0.853465	0.853465
0.766000	0.853465	0.853465
0.768000	0.852201	0.852201
0.770000	0.853149	0.853149
0.772000	0.851885	0.851885
0.774000	0.852201	0.852201
0.776000	0.853149	0.853149
0.778000	0.852833	0.852833
0.780000	0.852201	0.852201
0.782000	0.852201	0.852201
0.784000	0.852833	0.852833
0.786000	0.852833	0.852833
0.788000	0.854414	0.854414
0.790000	0.853782	0.853782
0.792000	0.853465	0.853465
0.794000	0.854098	0.854098
0.796000	0.852517	0.852517
0.798000	0.851885	0.851885
0.800000	0.851569	0.851569
0.802000	0.852517	0.852517
0.804000	0.852201	0.852201
0.806000	0.852201	0.852201
0.808000	0.852833	0.852833
0.810000	0.854414	0.854414
0.812000	0.853149	0.853149
0.814000	0.853782	0.853782
0.816000	0.854730	0.854730
0.818000	0.854730	0.854730
0.820000	0.854414	0.854414
0.822000	0.852201	0.852201
0.824000	0.853782	0.853782
0.826000	0.854098	0.854098
0.828000	0.852201	0.852201
0.830000	0.851885	0.851885
0.832000	0.852833	0.852833
0.834000	0.853465	0.853465
0.836000	0.853465	0.853465
0.838000	0.851885	0.851885
0.840000	0.852833	0.852833
0.842000	0.853782	0.853782
0.844000	0.854730	0.854730
0.846000	0.853465	0.853465
0.848000	0.854414	0.854414
0.850000	0.852833	0.852833
0.852000	0.854414	0.854414
0.854000	0.853465	0.853465
0.856000	0.852517	0.852517
0.858000	0.854098	0.854098
0.860000	0.852833	0.852833
0.862000	0.853149	0.853149
0.864000	0.851885	0.851885
0.866000	0.854098	0.854098
0.868000	0.851885	0.851885
0.870000	0.852833	0.852833
0.872000	0.852517	0.852517
0.874000	0.853782	0.853782
0.876000	0.853465	0.853465
0.878000	0.854098	0.854098
0.880000	0.854730	0.854730
0.882000	0.852833	0.852833
0.884000	0.853465	0.853465
0.886000	0.853782	0.853782
0.888000	0.852517	0.852517
0.890000	0.853149	0.853149
0.892000	0.854098	0.854098
0.894000	0.852201	0.852201
0.896000	0.853149	0.853149
0.898000	0.853465	0.853465
0.900000	0.853149	0.853149
0.902000	0.853149	0.853149
0.904000	0.851885	0.851885
0.906000	0.852201	0.852201
0.908000	0.852517	0.852517
0.910000	0.853465	0.853465
0.912000	0.854730	0.854730
0.914000	0.853465	0.853465
0.916000	0.853782	0.853782
0.918000	0.853465	0.853465
0.920000	0.852201	0.852201
0.922000	0.852201	0.852201
0.924000	0.852517	0.852517
0.926000	0.852833	0.852833
0.928000	0.852517	0.852517
0.930000	0.853782	0.853782
0.932000	0.851885	0.851885
0.934000	0.853782	0.853782
0.936000	0.851569	0.851569
0.938000	0.852201	0.852201
0.940000	0.854730	0.854730
0.942000	0.854098	0.854098
0.944000	0.853149	0.853149
0.946000	0.853465	0.853465
0.948000	0.852201	0.852201
0.950000	0.852833	0.852833
0.952000	0.853782	0.853782
0.954000	0.853149	0.853149
0.956000	0.852201	0.852201
0.958000	0.853782	0.853782
0.960000	0.851569	0.851569
0.962000	0.855362	0.855362
0.964000	0.855046	0.855046
0.966000	0.854730	0.854730
0.968000	0.853149	0.853149
0.970000	0.853782	0.853782
0.972000	0.854098	0.854098
0.974000	0.854098	0.854098
0.976000	0.853782	0.853782
0.978000	0.853149	0.853149
0.980000	0.852833	0.852833
0.982000	0.853465	0.853465
0.984000	0.852833	0.852833
0.986000	0.854098	0.854098
0.988000	0.852833	0.852833
0.990000	0.853465	0.853465
0.992000	0.854414	0.854414
0.994000	0.853782	0.853782
0.996000	0.854098	0.854098
0.998000	0.853465	0.853465
1.000000	0.853465	0.853465
1.002000	0.851885	0.851885
1.004000	0.853149	0.853149
1.006000	0.852201	0.852201
1.008000	0.852833	0.852833
1.010000	0.853465	0.853465
1.012000	0.853465	0.853465
1.014000	0.852517	0.852517
1.016000	0.852201	0.852201
1.018000	0.853149	0.853149
1.020000	0.853465	0.853465
1.022000	0.852201	0.852201
1.024000	0.853465	0.853465
1.026000	0.854098	0.854098
1.028000	0.853149	0.853149
1.030000	0.853465	0.853465
1.032000	0.853149	0.853149
1.034000	0.852517	0.852517
1.036000	0.853782	0.853782
1.038000	0.851253	0.851253
1.040000	0.852517	0.852517
1.042000	0.854098	0.854098
1.044000	0.854098	0.854098
1.046000	0.852517	0.852517
1.048000	0.854414	0.854414
1.050000	0.852517	0.852517
1.052000	0.853149	0.853149
1.054000	0.853465	0.853465
1.056000	0.852517	0.852517
1.058000	0.852833	0.852833
1.060000	0.853782	0.853782
1.062000	0.851885	0.851885
1.064000	0.853149	0.853149
1.066000	0.853782	0.853782
1.068000	0.852517	0.852517
1.070000	0.852833	0.852833
1.072000	0.852517	0.852517
1.074000	0.852833	0.852833
1.076000	0.852517	0.852517
1.078000	0.853465	0.853465
1.080000	0.852833	0.852833
1.082000	0.852517	0.852517
1.084000	0.852833	0.852833
1.086000	0.852201	0.852201
1.088000	0.851885	0.851885
1.090000	0.851885	0.851885
1.092000	0.851569	0.851569
1.094000	0.853149	0.853149
1.096000	0.853149	0.853149
1.098000	0.852833	0.852833
1.100000	0.853465	0.853465
1.102000	0.853465	0.853465
1.104000	0.851569	0.851569
1.106000	0.852833	0.852833
1.108000	0.853465	0.853465
1.110000	0.852517	0.852517
1.112000	0.852833	0.852833
1.114000	0.852833	0.852833
1.116000	0.853465	0.853465
1.118000	0.850937	0.850937
1.120000	0.852517	0.852517
1.122000	0.854098	0.854098
1.124000	0.852833	0.852833
1.126000	0.852201	0.852201
1.128000	0.853782	0.853782
1.130000	0.854098	0.854098
1.132000	0.853465	0.853465
1.134000	0.851569	0.851569
1.136000	0.851885	0.851885
1.138000	0.853149	0.853149
1.140000	0.852201	0.852201
1.142000	0.854098	0.854098
1.144000	0.853149	0.853149
1.146000	0.852517	0.852517
1.148000	0.852517	0.852517
1.150000	0.852201	0.852201
1.152000	0.852833	0.852833
1.154000	0.854730	0.854730
1.156000	0.853465	0.853465
1.158000	0.854098	0.854098
1.160000	0.852517	0.852517
1.162000	0.852833	0.852833
1.164000	0.852201	0.852201
1.166000	0.852517	0.852517
1.168000	0.854414	0.854414
1.170000	0.852833	0.852833
1.172000	0.852833	0.852833
1.174000	0.852517	0.852517
1.176000	0.852833	0.852833
1.178000	0.853782	0.853782
1.180000	0.852833	0.852833
1.182000	0.852833	0.852833
1.184000	0.853782	0.853782
1.186000	0.854098	0.854098
1.188000	0.853465	0.853465
1.190000	0.853782	0.853782
1.192000	0.854098	0.854098
1.194000	0.852833	0.852833
1.196000	0.854098	0.854098
1.198000	0.852517	0.852517
1.200000	0.853149	0.853149
1.202000	0.853149	0.853149
1.204000	0.853465	0.853465
1.206000	0.853465	0.853465
1.208000	0.852517	0.852517
1.210000	0.853465	0.853465
1.212000	0.851569	0.851569
1.214000	0.854098	0.854098
1.216000	0.852833	0.852833
1.218000	0.851569	0.851569
1.220000	0.852201	0.852201
1.222000	0.852517	0.852517
1.224000	0.853465	0.853465
1.226000	0.852201	0.852201
1.228000	0.852833	0.852833
1.230000	0.853465	0.853465
1.232000	0.853149	0.853149
1.234000	0.852517	0.852517
1.236000	0.853465	0.853465
1.238000	0.853465	0.853465
1.240000	0.853149	0.853149
1.242000	0.852201	0.852201
1.244000	0.853465	0.853465
1.246000	0.853465	0.853465
1.248000	0.853465	0.853465
1.250000	0.854098	0.854098
1.252000	0.852201	0.852201
1.254000	0.854098	0.854098
1.256000	0.853465	0.853465
1.258000	0.853465	0.853465
1.260000	0.853782	0.853782
1.262000	0.853149	0.853149
1.264000	0.853149	0.853149
1.266000	0.852517	0.852517
1.268000	0.854098	0.854098
1.270000	0.853149	0.853149
1.272000	0.853465	0.853465
1.274000	0.853465	0.853465
1.276000	0.853465	0.853465
1.278000	0.854098	0.854098
1.280000	0.853149	0.853149
1.282000	0.852517	0.852517
1.284000	0.853465	0.853465
1.286000	0.852833	0.852833
1.288000	0.855994	0.855994
1.290000	0.852517	0.852517
1.292000	0.851885	0.851885
1.294000	0.853465	0.853465
1.296000	0.853465	0.853465
1.298000	0.853465	0.853465
1.300000	0.852517	0.852517
1.302000	0.852201	0.852201
1.304000	0.853149	0.853149
1.306000	0.851885	0.851885
1.308000	0.854098	0.854098
1.310000	0.852201	0.852201
1.312000	0.852833	0.852833
1.314000	0.852201	0.852201
1.316000	0.850937	0.850937
1.318000	0.853149	0.853149
1.320000	0.853465	0.853465
1.322000	0.852517	0.852517
1.324000	0.852201	0.852201
1.326000	0.852833	0.852833
1.328000	0.852833	0.852833
1.330000	0.854098	0.854098
1.332000	0.853465	0.853465
1.334000	0.852201	0.852201
1.336000	0.853465	0.853465
1.338000	0.852201	0.852201
1.340000	0.852833	0.852833
1.342000	0.853149	0.853149
1.344000	0.852517	0.852517
1.346000	0.854098	0.854098
1.348000	0.852517	0.852517
1.350000	0.852201	0.852201
1.352000	0.852517	0.852517
1.354000	0.854098	0.854098
1.356000	0.853782	0.853782
1.358000	0.853782	0.853782
1.360000	0.852201	0.852201
1.362000	0.853465	0.853465
1.364000	0.853149	0.853149
1.366000	0.851885	0.851885
1.368000	0.852517	0.852517
1.370000	0.852833	0.852833
1.372000	0.852201	0.852201
1.374000	0.853465	0.853465
1.376000	0.852201	0.852201
1.378000	0.854098	0.854098
1.380000	0.852517	0.852517
1.382000	0.853149	0.853149
1.384000	0.854098	0.854098
1.386000	0.852201	0.852201
1.388000	0.853465	0.853465
1.390000	0.854730	0.854730
1.392000	0.852833	0.852833
1.394000	0.852833	0.852833
1.396000	0.852517	0.852517
1.398000	0.853465	0.853465
1.400000	0.852833	0.852833
1.402000	0.852833	0.852833
1.404000	0.852201	0.852201
1.406000	0.853465	0.853465
1.408000	0.852201	0.852201
1.410000	0.853149	0.853149
1.412000	0.852833	0.852833
1.414000	0.853782	0.853782
1.416000	0.854730	0.854730
1.418000	0.853149	0.853149
1.420000	0.854730	0.854730
1.422000	0.853149	0.853149
1.424000	0.853149	0.853149
1.426000	0.852201	0.852201
1.428000	0.851885	0.851885
1.430000	0.853149	0.853149
1.432000	0.853465	0.853465
1.434000	0.853465	0.853465
1.436000	0.854098	0.854098
1.438000	0.853149	0.853149
1.440000	0.853149	0.853149
1.442000	0.853465	0.853465
1.444000	0.853149	0.853149
1.446000	0.853149	0.853149
1.448000	0.852833	0.852833
1.450000	0.853465	0.853465
1.452000	0.852517	0.852517
1.454000	0.853149	0.853149
1.456000	0.852517	0.852517
1.458000	0.854098	0.854098
1.460000	0.852517	0.852517
1.462000	0.851885	0.851885
1.464000	0.851569	0.851569
1.466000	0.852833	0.852833
1.468000	0.853782	0.853782
1.470000	0.852833	0.852833
1.472000	0.853465	0.853465
1.474000	0.852517	0.852517
1.476000	0.851253	0.851253
1.478000	0.853465	0.853465
1.480000	0.853149	0.853149
1.482000	0.852833	0.852833
1.484000	0.852201	0.852201
1.486000	0.852517	0.852517
1.488000	0.852833	0.852833
1.490000	0.854414	0.854414
1.492000	0.852517	0.852517
1.494000	0.852833	0.852833
1.496000	0.853782	0.853782
1.498000	0.852517	0.852517
1.500000	0.853149	0.853149
1.502000	0.854414	0.854414
1.504000	0.852833	0.852833
1.506000	0.852517	0.852517
1.508000	0.854098	0.854098
1.510000	0.852517	0.852517
1.512000	0.853465	0.853465
1.514000	0.852517	0.852517
1.516000	0.852833	0.852833
1.518000	0.852833	0.852833
1.520000	0.853465	0.853465
1.522000	0.852201	0.852201
1.524000	0.852833	0.852833
1.526000	0.853465	0.853465
1.528000	0.852833	0.852833
1.530000	0.852517	0.852517
1.532000	0.852833	0.852833
1.534000	0.853465	0.853465
1.536000	0.852833	0.852833
1.538000	0.854730	0.854730
1.540000	0.853149	0.853149
1.542000	0.852833	0.852833
1.544000	0.853465	0.853465
1.546000	0.853465	0.853465
1.548000	0.853782	0.853782
1.550000	0.853465	0.853465
1.552000	0.853465	0.853465
1.554000	0.853465	0.853465
1.556000	0.854730	0.854730
1.558000	0.853465	0.853465
1.560000	0.852517	0.852517
1.562000	0.852833	0.852833
1.564000	0.853149	0.853149
1.566000	0.852833	0.852833
1.568000	0.851885	0.851885
1.570000	0.851885	0.851885
1.572000	0.852833	0.852833
1.574000	0.853149	0.853149
1.576000	0.853465	0.853465
1.578000	0.854414	0.854414
1.580000	0.852833	0.852833
1.582000	0.852833	0.852833
1.584000	0.854098	0.854098
1.586000	0.854730	0.854730
1.588000	0.852517	0.852517
1.590000	0.853465	0.853465
1.592000	0.853782	0.853782
1.594000	0.853149	0.853149
1.596000	0.853465	0.853465
1.598000	0.854730	0.854730
1.600000	0.852517	0.852517
1.602000	0.854414	0.854414
1.604000	0.851885	0.851885
1.606000	0.853782	0.853782
1.608000	0.854414	0.854414
1.610000	0.852833	0.852833
1.612000	0.853465	0.853465
1.614000	0.851885	0.851885
1.616000	0.852833	0.852833
1.618000	0.853149	0.853149
1.620000	0.853782	0.853782
1.622000	0.853149	0.853149
1.624000	0.853149	0.853149
1.626000	0.853465	0.853465
1.628000	0.852201	0.852201
1.630000	0.851885	0.851885
1.632000	0.852833	0.852833
1.634000	0.853465	0.853465
1.636000	0.852517	0.852517
1.638000	0.853782	0.853782
1.640000	0.853782	0.853782
1.642000	0.851885	0.851885
1.644000	0.852833	0.852833
1.646000	0.852201	0.852201
1.648000	0.852517	0.852517
1.650000	0.853782	0.853782
1.652000	0.852201	0.852201
1.654000	0.853782	0.853782
1.656000	0.852201	0.852201
1.658000	0.852517	0.852517
1.660000	0.854098	0.854098
1.662000	0.853782	0.853782
1.664000	0.852201	0.852201
1.666000	0.852833	0.852833
1.668000	0.852201	0.852201
1.670000	0.852201	0.852201
1.672000	0.852833	0.852833
1.674000	0.852201	0.852201
1.676000	0.852833	0.852833
1.678000	0.852201	0.852201
1.680000	0.852833	0.852833
1.682000	0.852201	0.852201
1.684000	0.852201	0.852201
1.686000	0.852833	0.852833
1.688000	0.852201	0.852201
1.690000	0.852201	0.852201
1.692000	0.853465	0.853465
1.694000	0.851885	0.851885
1.696000	0.853465	0.853465
1.698000	0.852833	0.852833
1.700000	0.852517	0.852517
1.702000	0.854098	0.854098
1.704000	0.854098	0.854098
1.706000	0.855362	0.855362
1.708000	0.854098	0.854098
1.710000	0.853465	0.853465
1.712000	0.854098	0.854098
1.714000	0.852833	0.852833
1.716000	0.852833	0.852833
1.718000	0.852833	0.852833
1.720000	0.854098	0.854098
1.722000	0.854414	0.854414
1.724000	0.853149	0.853149
1.726000	0.852833	0.852833
1.728000	0.854098	0.854098
1.730000	0.853465	0.853465
1.732000	0.853465	0.853465
1.734000	0.853465	0.853465
1.736000	0.853149	0.853149
1.738000	0.853465	0.853465
1.740000	0.851253	0.851253
1.742000	0.854730	0.854730
1.744000	0.852833	0.852833
1.746000	0.853149	0.853149
1.748000	0.853465	0.853465
1.750000	0.854414	0.854414
1.752000	0.852833	0.852833
1.754000	0.853782	0.853782
1.756000	0.854730	0.854730
1.758000	0.851569	0.851569
1.760000	0.853149	0.853149
1.762000	0.852833	0.852833
1.764000	0.854730	0.854730
1.766000	0.854414	0.854414
1.768000	0.852833	0.852833
1.770000	0.852201	0.852201
1.772000	0.852517	0.852517
1.774000	0.852833	0.852833
1.776000	0.854098	0.854098
1.778000	0.851569	0.851569
1.780000	0.853782	0.853782
1.782000	0.853465	0.853465
1.784000	0.854098	0.854098
1.786000	0.852833	0.852833
1.788000	0.852517	0.852517
1.790000	0.852833	0.852833
1.792000	0.852201	0.852201
1.794000	0.851253	0.851253
1.796000	0.852201	0.852201
1.798000	0.853782	0.853782
1.800000	0.852833	0.852833
1.802000	0.853149	0.853149
1.804000	0.852833	0.852833
1.806000	0.852201	0.852201
1.808000	0.853782	0.853782
1.810000	0.852517	0.852517
1.812000	0.852201	0.852201
1.814000	0.852833	0.852833
1.816000	0.855362	0.855362
1.818000	0.854098	0.854098
1.820000	0.853465	0.853465
1.822000	0.852833	0.852833
1.824000	0.853149	0.853149
1.826000	0.854098	0.854098
1.828000	0.852201	0.852201
1.830000	0.853465	0.853465
1.832000	0.853465	0.853465
1.834000	0.853465	0.853465
1.836000	0.853782	0.853782
1.838000	0.853149	0.853149
1.840000	0.852833	0.852833
1.842000	0.852833	0.852833
1.844000	0.852833	0.852833
1.846000	0.852201	0.852201
1.848000	0.852833	0.852833
1.850000	0.853782	0.853782
1.852000	0.852201	0.852201
1.854000	0.854098	0.854098
1.856000	0.852833	0.852833
1.858000	0.854098	0.854098
1.860000	0.853782	0.853782
1.862000	0.853465	0.853465
1.864000	0.852517	0.852517
1.866000	0.852201	0.852201
1.868000	0.853149	0.853149
1.870000	0.854098	0.854098
1.872000	0.854414	0.854414
1.874000	0.853465	0.853465
1.876000	0.852517	0.852517
1.878000	0.853782	0.853782
1.880000	0.852517	0.852517
1.882000	0.852201	0.852201
1.884000	0.852833	0.852833
1.886000	0.853465	0.853465
1.888000	0.852201	0.852201
1.890000	0.852517	0.852517
1.892000	0.853465	0.853465
1.894000	0.852201	0.852201
1.896000	0.850937	0.850937
1.898000	0.852201	0.852201
1.900000	0.853782	0.853782
1.902000	0.851885	0.851885
1.904000	0.852517	0.852517
1.906000	0.851569	0.851569
1.908000	0.850305	0.850305
1.910000	0.849989	0.849989
1.912000	0.850305	0.850305
1.914000	0.849989	0.849989
1.916000	0.851569	0.851569
1.918000	0.850937	0.850937
1.920000	0.852201	0.852201
1.922000	0.852833	0.852833
1.924000	0.851569	0.851569
1.926000	0.850937	0.850937
1.928000	0.849673	0.849673
1.930000	0.849041	0.849041
1.932000	0.843351	0.843351
1.934000	0.830709	0.830709
1.936000	0.817118	0.817118
1.938000	0.833553	0.833553
1.940000	0.844616	0.844616
1.942000	0.845880	0.845880
1.944000	0.845248	0.845248
1.946000	0.836398	0.836398
1.948000	0.827864	0.827864
1.950000	0.838610	0.838610
1.952000	0.840823	0.840823
1.954000	0.840191	0.840191
1.956000	0.842719	0.842719
1.958000	0.838926	0.838926
1.960000	0.832605	0.832605
1.962000	0.842403	0.842403
1.964000	0.855046	0.855046
1.966000	0.852517	0.852517
1.968000	0.840823	0.840823
1.970000	0.834818	0.834818
1.972000	0.845880	0.845880
1.974000	0.855994	0.855994
1.976000	0.855678	0.855678
1.978000	0.847776	0.847776
1.980000	0.838926	0.838926
1.982000	0.839559	0.839559
1.984000	0.850305	0.850305
1.986000	0.860735	0.860735
1.988000	0.854730	0.854730
1.990000	0.841455	0.841455
1.992000	0.837030	0.837030
1.994000	0.847460	0.847460
1.996000	0.857890	0.857890
1.998000	0.858523	0.858523
2.000000	0.848092	0.848092
2.002000	0.839875	0.839875
2.004000	0.842087	0.842087
2.006000	0.853465	0.853465
2.008000	0.858206	0.858206
2.010000	0.854730	0.854730
2.012000	0.845880	0.845880
2.014000	0.844932	0.844932
2.016000	0.850305	0.850305
2.018000	0.858839	0.858839
2.020000	0.857258	0.857258
2.022000	0.850621	0.850621
2.024000	0.845248	0.845248
2.026000	0.849041	0.849041
2.028000	0.855678	0.855678
2.030000	0.857890	0.857890
2.032000	0.853782	0.853782
2.034000	0.847144	0.847144
2.036000	0.848092	0.848092
2.038000	0.852833	0.852833
2.040000	0.857890	0.857890
2.042000	0.856942	0.856942
2.044000	0.848724	0.848724
2.046000	0.847144	0.847144
2.048000	0.850937	0.850937
2.050000	0.857258	0.857258
2.052000	0.858523	0.858523
2.054000	0.853149	0.853149
2.056000	0.847776	0.847776
2.058000	0.846512	0.846512
2.060000	0.851885	0.851885
2.062000	0.856626	0.856626
2.064000	0.856942	0.856942
2.066000	0.848724	0.848724
2.068000	0.844932	0.844932
2.070000	0.847460	0.847460
2.072000	0.854730	0.854730
2.074000	0.855994	0.855994
2.076000	0.849989	0.849989
2.078000	0.846196	0.846196
2.080000	0.846196	0.846196
2.082000	0.851885	0.851885
2.084000	0.855678	0.855678
2.086000	0.853782	0.853782
2.088000	0.848408	0.848408
2.090000	0.845248	0.845248
2.092000	0.849041	0.849041
2.094000	0.853465	0.853465
2.096000	0.854098	0.854098
2.098000	0.849041	0.849041
2.100000	0.845564	0.845564
2.102000	0.846512	0.846512
2.104000	0.851569	0.851569
2.106000	0.853465	0.853465
2.108000	0.851253	0.851253
2.110000	0.847776	0.847776
2.112000	0.846828	0.846828
2.114000	0.849673	0.849673
2.116000	0.854098	0.854098
2.118000	0.852201	0.852201
2.120000	0.846828	0.846828
2.122000	0.845564	0.845564
2.124000	0.847460	0.847460
2.126000	0.851885	0.851885
2.128000	0.854414	0.854414
2.130000	0.849041	0.849041
2.132000	0.846512	0.846512
2.134000	0.845880	0.845880
2.136000	0.850305	0.850305
2.138000	0.855362	0.855362
2.140000	0.851885	0.851885
2.142000	0.848092	0.848092
2.144000	0.848092	0.848092
2.146000	0.850937	0.850937
2.148000	0.853782	0.853782
2.150000	0.854414	0.854414
2.152000	0.850305	0.850305
2.154000	0.846828	0.846828
2.156000	0.849357	0.849357
2.158000	0.851253	0.851253
2.160000	0.853149	0.853149
2.162000	0.852833	0.852833
2.164000	0.847460	0.847460
2.166000	0.848092	0.848092
2.168000	0.852201	0.852201
2.170000	0.852833	0.852833
2.172000	0.851885	0.851885
2.174000	0.849357	0.849357
2.176000	0.846512	0.846512
2.178000	0.846196	0.846196
2.180000	0.851885	0.851885
2.182000	0.852201	0.852201
2.184000	0.849041	0.849041
2.186000	0.847144	0.847144
2.188000	0.848408	0.848408
2.190000	0.851569	0.851569
2.192000	0.851885	0.851885
2.194000	0.850621	0.850621
2.196000	0.848092	0.848092
2.198000	0.845564	0.845564
2.200000	0.849673	0.849673
2.202000	0.852201	0.852201
2.204000	0.851569	0.851569
2.206000	0.849673	0.849673
2.208000	0.847460	0.847460
2.210000	0.849673	0.849673
2.212000	0.852201	0.852201
2.214000	0.853782	0.853782
2.216000	0.850305	0.850305
2.218000	0.847776	0.847776
2.220000	0.846828	0.846828
2.222000	0.849989	0.849989
2.224000	0.851569	0.851569
2.226000	0.849989	0.849989
2.228000	0.848724	0.848724
2.230000	0.846828	0.846828
2.232000	0.849041	0.849041
2.234000	0.850621	0.850621
2.236000	0.851569	0.851569
2.238000	0.849673	0.849673
2.240000	0.846512	0.846512
2.242000	0.848724	0.848724
2.244000	0.849041	0.849041
2.246000	0.851885	0.851885
2.248000	0.850937	0.850937
2.250000	0.847144	0.847144
2.252000	0.847776	0.847776
2.254000	0.849357	0.849357
2.256000	0.851253	0.851253
2.258000	0.851885	0.851885
2.260000	0.847776	0.847776
2.262000	0.848092	0.848092
2.264000	0.849041	0.849041
2.266000	0.850937	0.850937
2.268000	0.851569	0.851569
2.270000	0.850305	0.850305
2.272000	0.849673	0.849673
2.274000	0.848724	0.848724
2.276000	0.848408	0.848408
2.278000	0.850937	0.850937
2.280000	0.849357	0.849357
2.282000	0.848724	0.848724
2.284000	0.847776	0.847776
2.286000	0.848724	0.848724
2.288000	0.849673	0.849673
2.290000	0.850621	0.850621
2.292000	0.848092	0.848092
2.294000	0.848092	0.848092
2.296000	0.848408	0.848408
2.298000	0.848724	0.848724
2.300000	0.852517	0.852517
2.302000	0.849357	0.849357
2.304000	0.850305	0.850305
2.306000	0.850937	0.850937
2.308000	0.851253	0.851253
2.310000	0.852517	0.852517
2.312000	0.850621	0.850621
2.314000	0.850621	0.850621
2.316000	0.849673	0.849673
2.318000	0.849041	0.849041
2.320000	0.850937	0.850937
2.322000	0.850305	0.850305
2.324000	0.849673	0.849673
2.326000	0.849041	0.849041
2.328000	0.849041	0.849041
2.330000	0.849041	0.849041
2.332000	0.849989	0.849989
2.334000	0.849041	0.849041
2.336000	0.848724	0.848724
2.338000	0.848092	0.848092
2.340000	0.849673	0.849673
2.342000	0.850305	0.850305
2.344000	0.850937	0.850937
2.346000	0.849357	0.849357
2.348000	0.850621	0.850621
2.350000	0.849673	0.849673
2.352000	0.849673	0.849673
2.354000	0.852517	0.852517
2.356000	0.849041	0.849041
2.358000	0.849673	0.849673
2.360000	0.849041	0.849041
2.362000	0.849041	0.849041
2.364000	0.851253	0.851253
2.366000	0.852201	0.852201
2.368000	0.848408	0.848408
2.370000	0.848724	0.848724
2.372000	0.848724	0.848724
2.374000	0.849673	0.849673
2.376000	0.850937	0.850937
2.378000	0.849989	0.849989
2.380000	0.849989	0.849989
2.382000	0.849357	0.849357
2.384000	0.850937	0.850937
2.386000	0.849673	0.849673
2.388000	0.849673	0.849673
2.390000	0.849041	0.849041
2.392000	0.849989	0.849989
2.394000	0.850305	0.850305
2.396000	0.849989	0.849989
2.398000	0.851253	0.851253
2.400000	0.850937	0.850937
2.402000	0.851569	0.851569
2.404000	0.848724	0.848724
2.406000	0.851253	0.851253
2.408000	0.850937	0.850937
2.410000	0.849673	0.849673
2.412000	0.848724	0.848724
2.414000	0.848724	0.848724
2.416000	0.849673	0.849673
2.418000	0.850621	0.850621
2.420000	0.849357	0.849357
2.422000	0.850305	0.850305
2.424000	0.849357	0.849357
2.426000	0.849673	0.849673
2.428000	0.849989	0.849989
2.430000	0.849673	0.849673
2.432000	0.849673	0.849673
2.434000	0.848408	0.848408
2.436000	0.849673	0.849673
2.438000	0.851569	0.851569
2.440000	0.851569	0.851569
2.442000	0.851253	0.851253
2.444000	0.850305	0.850305
2.446000	0.849041	0.849041
2.448000	0.849673	0.849673
2.450000	0.850305	0.850305
2.452000	0.849673	0.849673
2.454000	0.848724	0.848724
2.456000	0.848092	0.848092
2.458000	0.849041	0.849041
2.460000	0.849673	0.849673
2.462000	0.850621	0.850621
2.464000	0.850621	0.850621
2.466000	0.848408	0.848408
2.468000	0.851253	0.851253
2.470000	0.849357	0.849357
2.472000	0.850937	0.850937
2.474000	0.850621	0.850621
2.476000	0.848408	0.848408
2.478000	0.848092	0.848092
2.480000	0.849673	0.849673
2.482000	0.850305	0.850305
2.484000	0.851885	0.851885
2.486000	0.849041	0.849041
2.488000	0.850305	0.850305
2.490000	0.847460	0.847460
2.492000	0.850621	0.850621
2.494000	0.849357	0.849357
2.496000	0.849673	0.849673
2.498000	0.851253	0.851253
2.500000	0.849989	0.849989
2.502000	0.849673	0.849673
2.504000	0.849989	0.849989
2.506000	0.848408	0.848408
2.508000	0.849041	0.849041
2.510000	0.849041	0.849041
2.512000	0.849673	0.849673
2.514000	0.849673	0.849673
2.516000	0.849673	0.849673
2.518000	0.850305	0.850305
2.520000	0.849357	0.849357
2.522000	0.850621	0.850621
2.524000	0.849357	0.849357
2.526000	0.850305	0.850305
2.528000	0.850937	0.850937
2.530000	0.849041	0.849041
2.532000	0.848724	0.848724
2.534000	0.850621	0.850621
2.536000	0.851569	0.851569
2.538000	0.851253	0.851253
2.540000	0.849041	0.849041
2.542000	0.849357	0.849357
2.544000	0.849673	0.849673
2.546000	0.849989	0.849989
2.548000	0.850305	0.850305
2.550000	0.850621	0.850621
2.552000	0.849673	0.849673
2.554000	0.849041	0.849041
2.556000	0.849041	0.849041
2.558000	0.850621	0.850621
2.560000	0.850937	0.850937
2.562000	0.850305	0.850305
2.564000	0.851253	0.851253
2.566000	0.850937	0.850937
2.568000	0.850305	0.850305
2.570000	0.851253	0.851253
2.572000	0.849989	0.849989
2.574000	0.849989	0.849989
2.576000	0.848724	0.848724
2.578000	0.849041	0.849041
2.580000	0.851569	0.851569
2.582000	0.850937	0.850937
2.584000	0.850937	0.850937
2.586000	0.848408	0.848408
2.588000	0.850621	0.850621
2.590000	0.850937	0.850937
2.592000	0.850621	0.850621
2.594000	0.850305	0.850305
2.596000	0.849041	0.849041
2.598000	0.849673	0.849673
2.600000	0.849357	0.849357
2.602000	0.849673	0.849673
2.604000	0.850937	0.850937
2.606000	0.849989	0.849989
2.608000	0.851253	0.851253
2.610000	0.849989	0.849989
2.612000	0.849673	0.849673
2.614000	0.850621	0.850621
2.616000	0.849041	0.849041
2.618000	0.849041	0.849041
2.620000	0.849357	0.849357
2.622000	0.851253	0.851253
2.624000	0.849673	0.849673
2.626000	0.847776	0.847776
2.628000	0.849673	0.849673
2.630000	0.848408	0.848408
2.632000	0.851569	0.851569
2.634000	0.849989	0.849989
2.636000	0.849989	0.849989
2.638000	0.849041	0.849041
2.640000	0.847460	0.847460
2.642000	0.848724	0.848724
2.644000	0.850621	0.850621
2.646000	0.849673	0.849673
2.648000	0.849673	0.849673
2.650000	0.849673	0.849673
2.652000	0.849357	0.849357
2.654000	0.850937	0.850937
2.656000	0.850937	0.850937
2.658000	0.849673	0.849673
2.660000	0.849673	0.849673
2.662000	0.849041	0.849041
2.664000	0.849357	0.849357
2.666000	0.849041	0.849041
2.668000	0.851569	0.851569
2.670000	0.849673	0.849673
2.672000	0.848724	0.848724
2.674000	0.849041	0.849041
2.676000	0.849673	0.849673
2.678000	0.849989	0.849989
2.680000	0.850937	0.850937
2.682000	0.848408	0.848408
2.684000	0.848408	0.848408
2.686000	0.850621	0.850621
2.688000	0.849673	0.849673
2.690000	0.849673	0.849673
2.692000	0.849673	0.849673
2.694000	0.849673	0.849673
2.696000	0.848408	0.848408
2.698000	0.850621	0.850621
2.700000	0.849041	0.849041
2.702000	0.850937	0.850937
2.704000	0.849673	0.849673
2.706000	0.849989	0.849989
2.708000	0.850305	0.850305
2.710000	0.850621	0.850621
2.712000	0.851253	0.851253
2.714000	0.849989	0.849989
2.716000	0.848092	0.848092
2.718000	0.850621	0.850621
2.720000	0.849989	0.849989
2.722000	0.849357	0.849357
2.724000	0.849989	0.849989
2.726000	0.849673	0.849673
2.728000	0.849357	0.849357
2.730000	0.850305	0.850305
2.732000	0.850937	0.850937
2.734000	0.847776	0.847776
2.736000	0.850305	0.850305
2.738000	0.849041	0.849041
2.740000	0.849357	0.849357
2.742000	0.849673	0.849673
2.744000	0.849673	0.849673
2.746000	0.849041	0.849041
2.748000	0.849673	0.849673
2.750000	0.848724	0.848724
2.752000	0.849041	0.849041
2.754000	0.850305	0.850305
2.756000	0.849673	0.849673
2.758000	0.849357	0.849357
2.760000	0.849357	0.849357
2.762000	0.849989	0.849989
2.764000	0.850621	0.850621
2.766000	0.850621	0.850621
2.768000	0.849673	0.849673
2.770000	0.848724	0.848724
2.772000	0.850937	0.850937
2.774000	0.849989	0.849989
2.776000	0.849989	0.849989
2.778000	0.850621	0.850621
2.780000	0.849673	0.849673
2.782000	0.848724	0.848724
2.784000	0.850621	0.850621
2.786000	0.849041	0.849041
2.788000	0.849673	0.849673
2.790000	0.849041	0.849041
2.792000	0.848408	0.848408
2.794000	0.849673	0.849673
2.796000	0.850305	0.850305
2.798000	0.850305	0.850305
2.800000	0.849041	0.849041
2.802000	0.849673	0.849673
2.804000	0.851253	0.851253
2.806000	0.849989	0.849989
2.808000	0.849041	0.849041
2.810000	0.850305	0.850305
2.812000	0.849989	0.849989
2.814000	0.849989	0.849989
2.816000	0.850621	0.850621
2.818000	0.850937	0.850937
2.820000	0.850937	0.850937
2.822000	0.849673	0.849673
2.824000	0.848724	0.848724
2.826000	0.849673	0.849673
2.828000	0.849673	0.849673
2.830000	0.847776	0.847776
2.832000	0.849989	0.849989
2.834000	0.849357	0.849357
2.836000	0.850621	0.850621
2.838000	0.849989	0.849989
2.840000	0.850305	0.850305
2.842000	0.849673	0.849673
2.844000	0.849673	0.849673
2.846000	0.850621	0.850621
2.848000	0.850937	0.850937
2.850000	0.849041	0.849041
2.852000	0.851253	0.851253
2.854000	0.850937	0.850937
2.856000	0.849357	0.849357
2.858000	0.848092	0.848092
2.860000	0.850305	0.850305
2.862000	0.849989	0.849989
2.864000	0.850305	0.850305
2.866000	0.849989	0.849989
2.868000	0.849041	0.849041
2.870000	0.849041	0.849041
2.872000	0.849989	0.849989
2.874000	0.852201	0.852201
2.876000	0.851253	0.851253
2.878000	0.848408	0.848408
2.880000	0.849673	0.849673
2.882000	0.849673	0.849673
2.884000	0.850937	0.850937
2.886000	0.850937	0.850937
2.888000	0.849357	0.849357
2.890000	0.850937	0.850937
2.892000	0.850621	0.850621
2.894000	0.850305	0.850305
2.896000	0.849041	0.849041
2.898000	0.849989	0.849989
2.900000	0.851253	0.851253
2.902000	0.850621	0.850621
2.904000	0.848724	0.848724
2.906000	0.849673	0.849673
2.908000	0.851253	0.851253
2.910000	0.848724	0.848724
2.912000	0.849673	0.849673
2.914000	0.850305	0.850305
2.916000	0.850305	0.850305
2.918000	0.849357	0.849357
2.920000	0.849357	0.849357
2.922000	0.849673	0.849673
2.924000	0.850937	0.850937
2.926000	0.849357	0.849357
2.928000	0.849673	0.849673
2.930000	0.850937	0.850937
2.932000	0.850621	0.850621
2.934000	0.849673	0.849673
2.936000	0.849673	0.849673
2.938000	0.849673	0.849673
2.940000	0.849041	0.849041
2.942000	0.849357	0.849357
2.944000	0.850305	0.850305
2.946000	0.849357	0.849357
2.948000	0.850937	0.850937
2.950000	0.850621	0.850621
2.952000	0.849041	0.849041
2.954000	0.850305	0.850305
2.956000	0.850305	0.850305
2.958000	0.851253	0.851253
2.960000	0.850305	0.850305
2.962000	0.850305	0.850305
2.964000	0.848408	0.848408
2.966000	0.850305	0.850305
2.968000	0.850305	0.850305
2.970000	0.848724	0.848724
2.972000	0.848408	0.848408
2.974000	0.849673	0.849673
2.976000	0.850937	0.850937
2.978000	0.848408	0.848408
2.980000	0.849673	0.849673
2.982000	0.850305	0.850305
2.984000	0.850937	0.850937
2.986000	0.850937	0.850937
2.988000	0.850937	0.850937
2.990000	0.849041	0.849041
2.992000	0.849673	0.849673
2.994000	0.850937	0.850937
2.996000	0.849673	0.849673
2.998000	0.849673	0.849673
3.000000	0.850305	0.850305
3.002000	0.849673	0.849673
3.004000	0.850621	0.850621
3.006000	0.849041	0.849041
3.008000	0.848408	0.848408
3.010000	0.849357	0.849357
3.012000	0.849357	0.849357
3.014000	0.850621	0.850621
3.016000	0.848092	0.848092
3.018000	0.849673	0.849673
3.020000	0.849041	0.849041
3.022000	0.849041	0.849041
3.024000	0.850621	0.850621
3.026000	0.850621	0.850621
3.028000	0.849673	0.849673
3.030000	0.849041	0.849041
3.032000	0.849673	0.849673
3.034000	0.849673	0.849673
3.036000	0.850937	0.850937
3.038000	0.850305	0.850305
3.040000	0.850937	0.850937
3.042000	0.849673	0.849673
3.044000	0.852201	0.852201
3.046000	0.850937	0.850937
3.048000	0.850621	0.850621
3.050000	0.850937	0.850937
3.052000	0.849673	0.849673
3.054000	0.850621	0.850621
3.056000	0.849357	0.849357
3.058000	0.848724	0.848724
3.060000	0.850305	0.850305
3.062000	0.849673	0.849673
3.064000	0.849989	0.849989
3.066000	0.849673	0.849673
3.068000	0.849673	0.849673
3.070000	0.850621	0.850621
3.072000	0.850937	0.850937
3.074000	0.849989	0.849989
3.076000	0.849357	0.849357
3.078000	0.849673	0.849673
3.080000	0.849989	0.849989
3.082000	0.849989	0.849989
3.084000	0.848724	0.848724
3.086000	0.850621	0.850621
3.088000	0.851253	0.851253
3.090000	0.851569	0.851569
3.092000	0.850305	0.850305
3.094000	0.849673	0.849673
3.096000	0.848724	0.848724
3.098000	0.849357	0.849357
3.100000	0.850305	0.850305
3.102000	0.848092	0.848092
3.104000	0.848724	0.848724
3.106000	0.851253	0.851253
3.108000	0.849989	0.849989
3.110000	0.849041	0.849041
3.112000	0.850305	0.850305
3.114000	0.850621	0.850621
3.116000	0.849357	0.849357
3.118000	0.849041	0.849041
3.120000	0.848092	0.848092
3.122000	0.849673	0.849673
3.124000	0.849673	0.849673
3.126000	0.850305	0.850305
3.128000	0.849989	0.849989
3.130000	0.849041	0.849041
3.132000	0.849989	0.849989
3.134000	0.849041	0.849041
3.136000	0.849989	0.849989
3.138000	0.849673	0.849673
3.140000	0.848408	0.848408
3.142000	0.849041	0.849041
3.144000	0.850621	0.850621
3.146000	0.849989	0.849989
3.148000	0.850621	0.850621
3.150000	0.849041	0.849041
3.152000	0.849673	0.849673
3.154000	0.848724	0.848724
3.156000	0.849673	0.849673
3.158000	0.849357	0.849357
3.160000	0.848408	0.848408
3.162000	0.850305	0.850305
3.164000	0.850305	0.850305
3.166000	0.849041	0.849041
3.168000	0.850305	0.850305
3.170000	0.849041	0.849041
3.172000	0.850621	0.850621
3.174000	0.850305	0.850305
3.176000	0.850305	0.850305
3.178000	0.848724	0.848724
3.180000	0.848724	0.848724
3.182000	0.851885	0.851885
3.184000	0.849357	0.849357
3.186000	0.849989	0.849989
3.188000	0.850937	0.850937
3.190000	0.851253	0.851253
3.192000	0.850937	0.850937
3.194000	0.849673	0.849673
3.196000	0.849989	0.849989
3.198000	0.850937	0.850937
3.200000	0.851569	0.851569
3.202000	0.849041	0.849041
3.204000	0.849989	0.849989
3.206000	0.849673	0.849673
3.208000	0.851253	0.851253
3.210000	0.849989	0.849989
3.212000	0.850937	0.850937
3.214000	0.850621	0.850621
3.216000	0.849041	0.849041
3.218000	0.849989	0.849989
3.220000	0.849989	0.849989
3.222000	0.849357	0.849357
3.224000	0.849041	0.849041
3.226000	0.850621	0.850621
3.228000	0.852201	0.852201
3.230000	0.850621	0.850621
3.232000	0.849989	0.849989
3.234000	0.850937	0.850937
3.236000	0.850305	0.850305
3.238000	0.849673	0.849673
3.240000	0.850621	0.850621
3.242000	0.849673	0.849673
3.244000	0.849989	0.849989
3.246000	0.849357	0.849357
3.248000	0.849041	0.849041
3.250000	0.849041	0.849041
3.252000	0.850937	0.850937
3.254000	0.851253	0.851253
3.256000	0.852201	0.852201
3.258000	0.850621	0.850621
3.260000	0.852201	0.852201
3.262000	0.850937	0.850937
3.264000	0.849041	0.849041
3.266000	0.849673	0.849673
3.268000	0.850621	0.850621
3.270000	0.850937	0.850937
3.272000	0.849989	0.849989
3.274000	0.849357	0.849357
3.276000	0.849989	0.849989
3.278000	0.850621	0.850621
3.280000	0.849989	0.849989
3.282000	0.850621	0.850621
3.284000	0.849989	0.849989
3.286000	0.849989	0.849989
3.288000	0.850305	0.850305
3.290000	0.849357	0.849357
3.292000	0.849673	0.849673
3.294000	0.849989	0.849989
3.296000	0.849673	0.849673
3.298000	0.849673	0.849673
3.300000	0.848724	0.848724
3.302000	0.849989	0.849989
3.304000	0.850305	0.850305
3.306000	0.850305	0.850305
3.308000	0.849673	0.849673
3.310000	0.850937	0.850937
3.312000	0.850621	0.850621
3.314000	0.850621	0.850621
3.316000	0.849989	0.849989
3.318000	0.849041	0.849041
3.320000	0.850621	0.850621
3.322000	0.849673	0.849673
3.324000	0.850937	0.850937
3.326000	0.849041	0.849041
3.328000	0.851253	0.851253
3.330000	0.849673	0.849673
3.332000	0.849989	0.849989
3.334000	0.850621	0.850621
3.336000	0.849041	0.849041
3.338000	0.850937	0.850937
3.340000	0.849673	0.849673
3.342000	0.849989	0.849989
3.344000	0.849989	0.849989
3.346000	0.849041	0.849041
3.348000	0.849673	0.849673
3.350000	0.850937	0.850937
3.352000	0.849673	0.849673
3.354000	0.849357	0.849357
3.356000	0.851569	0.851569
3.358000	0.850621	0.850621
3.360000	0.852201	0.852201
3.362000	0.849989	0.849989
3.364000	0.851569	0.851569
3.366000	0.849041	0.849041
3.368000	0.849357	0.849357
3.370000	0.850305	0.850305
3.372000	0.849357	0.849357
3.374000	0.849989	0.849989
3.376000	0.849989	0.849989
3.378000	0.849989	0.849989
3.380000	0.850937	0.850937
3.382000	0.848724	0.848724
3.384000	0.849357	0.849357
3.386000	0.849673	0.849673
3.388000	0.850937	0.850937
3.390000	0.850305	0.850305
3.392000	0.849989	0.849989
3.394000	0.849673	0.849673
3.396000	0.849989	0.849989
3.398000	0.849989	0.849989
3.400000	0.849989	0.849989
3.402000	0.849357	0.849357
3.404000	0.849989	0.849989
3.406000	0.850937	0.850937
3.408000	0.850621	0.850621
3.410000	0.849673	0.849673
3.412000	0.848724	0.848724
3.414000	0.849989	0.849989
3.416000	0.849673	0.849673
3.418000	0.848092	0.848092
3.420000	0.849673	0.849673
3.422000	0.851569	0.851569
3.424000	0.849673	0.849673
3.426000	0.850305	0.850305
3.428000	0.849989	0.849989
3.430000	0.850305	0.850305
3.432000	0.848408	0.848408
3.434000	0.850937	0.850937
3.436000	0.849989	0.849989
3.438000	0.849989	0.849989
3.440000	0.850305	0.850305
3.442000	0.851253	0.851253
3.444000	0.850937	0.850937
3.446000	0.849041	0.849041
3.448000	0.850621	0.850621
3.450000	0.851253	0.851253
3.452000	0.850937	0.850937
3.454000	0.850937	0.850937
3.456000	0.849989	0.849989
3.458000	0.849673	0.849673
3.460000	0.850621	0.850621
3.462000	0.850937	0.850937
3.464000	0.851253	0.851253
3.466000	0.850305	0.850305
3.468000	0.850937	0.850937
3.470000	0.849041	0.849041
3.472000	0.851885	0.851885
3.474000	0.850305	0.850305
3.476000	0.850305	0.850305
3.478000	0.849041	0.849041
3.480000	0.849989	0.849989
3.482000	0.848724	0.848724
3.484000	0.849357	0.849357
3.486000	0.849989	0.849989
3.488000	0.849357	0.849357
3.490000	0.849041	0.849041
3.492000	0.850305	0.850305
3.494000	0.852201	0.852201
3.496000	0.849989	0.849989
3.498000	0.850621	0.850621
3.500000	0.850305	0.850305
3.502000	0.852201	0.852201
3.504000	0.851253	0.851253
3.506000	0.849041	0.849041
3.508000	0.849989	0.849989
3.510000	0.850937	0.850937
3.512000	0.849989	0.849989
3.514000	0.849673	0.849673
3.516000	0.849357	0.849357
3.518000	0.850937	0.850937
3.520000	0.850937	0.850937
3.522000	0.850937	0.850937
3.524000	0.850621	0.850621
3.526000	0.849989	0.849989
3.528000	0.849673	0.849673
3.530000	0.849673	0.849673
3.532000	0.848724	0.848724
3.534000	0.850305	0.850305
3.536000	0.849673	0.849673
3.538000	0.850621	0.850621
3.540000	0.850305	0.850305
3.542000	0.850937	0.850937
3.544000	0.850621	0.850621
3.546000	0.849989	0.849989
3.548000	0.849989	0.849989
3.550000	0.850621	0.850621
3.552000	0.849357	0.849357
3.554000	0.849673	0.849673
3.556000	0.850305	0.850305
3.558000	0.848724	0.848724
3.560000	0.849041	0.849041
3.562000	0.849673	0.849673
3.564000	0.850621	0.850621
3.566000	0.849673	0.849673
3.568000	0.848408	0.848408
3.570000	0.849673	0.849673
3.572000	0.851253	0.851253
3.574000	0.850305	0.850305
3.576000	0.851253	0.851253
3.578000	0.849673	0.849673
3.580000	0.849673	0.849673
3.582000	0.850305	0.850305
3.584000	0.849357	0.849357
3.586000	0.851569	0.851569
3.588000	0.852201	0.852201
3.590000	0.848724	0.848724
3.592000	0.849041	0.849041
3.594000	0.849357	0.849357
3.596000	0.849673	0.849673
3.598000	0.850937	0.850937
3.600000	0.848724	0.848724
3.602000	0.850305	0.850305
3.604000	0.851569	0.851569
3.606000	0.848724	0.848724
3.608000	0.849673	0.849673
3.610000	0.850621	0.850621
3.612000	0.848408	0.848408
3.614000	0.849989	0.849989
3.616000	0.849673	0.849673
3.618000	0.850621	0.850621
3.620000	0.850305	0.850305
3.622000	0.849673	0.849673
3.624000	0.851885	0.851885
3.626000	0.850937	0.850937
3.628000	0.850305	0.850305
3.630000	0.849989	0.849989
3.632000	0.849989	0.849989
3.634000	0.849673	0.849673
3.636000	0.850305	0.850305
3.638000	0.849673	0.849673
3.640000	0.849989	0.849989
3.642000	0.851569	0.851569
3.644000	0.850305	0.850305
3.646000	0.850621	0.850621
3.648000	0.849673	0.849673
3.650000	0.849673	0.849673
3.652000	0.849673	0.849673
3.654000	0.850937	0.850937
3.656000	0.849357	0.849357
3.658000	0.848408	0.848408
3.660000	0.848724	0.848724
3.662000	0.850937	0.850937
3.664000	0.849989	0.849989
3.666000	0.849989	0.849989
3.668000	0.850621	0.850621
3.670000	0.849989	0.849989
3.672000	0.849989	0.849989
3.674000	0.850621	0.850621
3.676000	0.849989	0.849989
3.678000	0.849673	0.849673
3.680000	0.851253	0.851253
3.682000	0.848408	0.848408
3.684000	0.849041	0.849041
3.686000	0.849989	0.849989
3.688000	0.849673	0.849673
3.690000	0.849673	0.849673
3.692000	0.849357	0.849357
3.694000	0.849041	0.849041
3.696000	0.851253	0.851253
3.698000	0.850621	0.850621
3.700000	0.850305	0.850305
3.702000	0.848724	0.848724
3.704000	0.850937	0.850937
3.706000	0.850305	0.850305
3.708000	0.849673	0.849673
3.710000	0.850305	0.850305
3.712000	0.849041	0.849041
3.714000	0.850305	0.850305
3.716000	0.849041	0.849041
3.718000	0.850621	0.850621
3.720000	0.848724	0.848724
3.722000	0.849673	0.849673
3.724000	0.849357	0.849357
3.726000	0.849357	0.849357
3.728000	0.849357	0.849357
3.730000	0.849041	0.849041
3.732000	0.850621	0.850621
3.734000	0.850621	0.850621
3.736000	0.849041	0.849041
3.738000	0.850305	0.850305
3.740000	0.850621	0.850621
3.742000	0.849041	0.849041
3.744000	0.849989	0.849989
3.746000	0.849673	0.849673
3.748000	0.849357	0.849357
3.750000	0.850937	0.850937
3.752000	0.849041	0.849041
3.754000	0.851253	0.851253
3.756000	0.849673	0.849673
3.758000	0.849673	0.849673
3.760000	0.849989	0.849989
3.762000	0.850937	0.850937
3.764000	0.850305	0.850305
3.766000	0.849989	0.849989
3.768000	0.849673	0.849673
3.770000	0.850305	0.850305
3.772000	0.850305	0.850305
3.774000	0.850621	0.850621
3.776000	0.850937	0.850937
3.778000	0.849041	0.849041
3.780000	0.850937	0.850937
3.782000	0.850937	0.850937
3.784000	0.850621	0.850621
3.786000	0.849041	0.849041
3.788000	0.849041	0.849041
3.790000	0.849673	0.849673
3.792000	0.848408	0.848408
3.794000	0.848408	0.848408
3.796000	0.849041	0.849041
3.798000	0.848724	0.848724
3.800000	0.849673	0.849673
3.802000	0.850621	0.850621
3.804000	0.850305	0.850305
3.806000	0.850621	0.850621
3.808000	0.850305	0.850305
3.810000	0.850621	0.850621
3.812000	0.850621	0.850621
3.814000	0.850305	0.850305
3.816000	0.849357	0.849357
3.818000	0.851569	0.851569
3.820000	0.849989	0.849989
3.822000	0.850621	0.850621
3.824000	0.849041	0.849041
3.826000	0.848092	0.848092
3.828000	0.850305	0.850305
3.830000	0.849673	0.849673
3.832000	0.851569	0.851569
3.834000	0.850305	0.850305
3.836000	0.849041	0.849041
3.838000	0.849041	0.849041
3.840000	0.849357	0.849357
3.842000	0.849989	0.849989
3.844000	0.850305	0.850305
3.846000	0.849989	0.849989
3.848000	0.849357	0.849357
3.850000	0.849673	0.849673
3.852000	0.849673	0.849673
3.854000	0.849041	0.849041
3.856000	0.850937	0.850937
3.858000	0.849357	0.849357
3.860000	0.849673	0.849673
3.862000	0.849041	0.849041
3.864000	0.849673	0.849673
3.866000	0.849673	0.849673
3.868000	0.850937	0.850937
3.870000	0.849357	0.849357
3.872000	0.850305	0.850305
3.874000	0.849673	0.849673
3.876000	0.850305	0.850305
3.878000	0.848408	0.848408
3.880000	0.848408	0.848408
3.882000	0.848408	0.848408
3.884000	0.850937	0.850937
3.886000	0.848724	0.848724
3.888000	0.850621	0.850621
3.890000	0.850937	0.850937
3.892000	0.849673	0.849673
3.894000	0.850305	0.850305
3.896000	0.849989	0.849989
3.898000	0.849673	0.849673
3.900000	0.849041	0.849041
3.902000	0.848092	0.848092
3.904000	0.850937	0.850937
3.906000	0.849041	0.849041
3.908000	0.849673	0.849673
3.910000	0.849989	0.849989
3.912000	0.847144	0.847144
3.914000	0.848408	0.848408
3.916000	0.850305	0.850305
3.918000	0.849357	0.849357
3.920000	0.849041	0.849041
3.922000	0.849989	0.849989
3.924000	0.849673	0.849673
3.926000	0.849989	0.849989
3.928000	0.849989	0.849989
3.930000	0.849989	0.849989
3.932000	0.849673	0.849673
3.934000	0.850305	0.850305
3.936000	0.849357	0.849357
3.938000	0.851253	0.851253
3.940000	0.848724	0.848724
3.942000	0.848408	0.848408
3.944000	0.849989	0.849989
3.946000	0.848724	0.848724
3.948000	0.849357	0.849357
3.950000	0.849989	0.849989
3.952000	0.850621	0.850621
3.954000	0.851253	0.851253
3.956000	0.849673	0.849673
3.958000	0.850305	0.850305
3.960000	0.849357	0.849357
3.962000	0.848092	0.848092
3.964000	0.849357	0.849357
3.966000	0.849357	0.849357
3.968000	0.850621	0.850621
3.970000	0.849357	0.849357
3.972000	0.849041	0.849041
3.974000	0.850621	0.850621
3.976000	0.850937	0.850937
3.978000	0.849041	0.849041
3.980000	0.849357	0.849357
3.982000	0.849041	0.849041
3.984000	0.848408	0.848408
3.986000	0.850621	0.850621
3.988000	0.849673	0.849673
3.990000	0.849989	0.849989
3.992000	0.850621	0.850621
3.994000	0.849041	0.849041
3.996000	0.849673	0.849673
3.998000	0.850621	0.850621
4.000000	0.849357	0.849357
4.002000	0.848092	0.848092
4.004000	0.850621	0.850621
4.006000	0.849357	0.849357
4.008000	0.850305	0.850305
4.010000	0.850621	0.850621
4.012000	0.848724	0.848724
4.014000	0.851253	0.851253
4.016000	0.849041	0.849041
4.018000	0.850621	0.850621
4.020000	0.850305	0.850305
4.022000	0.848724	0.848724
4.024000	0.849673	0.849673
4.026000	0.849989	0.849989
4.028000	0.849357	0.849357
4.030000	0.850621	0.850621
4.032000	0.849673	0.849673
4.034000	0.848724	0.848724
4.036000	0.850621	0.850621
4.038000	0.849357	0.849357
4.040000	0.850937	0.850937
4.042000	0.848724	0.848724
4.044000	0.850937	0.850937
4.046000	0.849989	0.849989
4.048000	0.850937	0.850937
4.050000	0.850305	0.850305
4.052000	0.849989	0.849989
4.054000	0.850937	0.850937
4.056000	0.849041	0.849041
4.058000	0.850305	0.850305
4.060000	0.849989	0.849989
4.062000	0.851253	0.851253
4.064000	0.849989	0.849989
4.066000	0.850621	0.850621
4.068000	0.850305	0.850305
4.070000	0.848408	0.848408
4.072000	0.849989	0.849989
4.074000	0.851569	0.851569
4.076000	0.851569	0.851569
4.078000	0.850305	0.850305
4.080000	0.850621	0.850621
4.082000	0.851885	0.851885
4.084000	0.851885	0.851885
4.086000	0.851569	0.851569
4.088000	0.849673	0.849673
4.090000	0.849989	0.849989
4.092000	0.850937	0.850937
4.094000	0.851253	0.851253
4.096000	0.851253	0.851253
4.098000	0.849673	0.849673
4.100000	0.849041	0.849041
4.102000	0.849673	0.849673
4.104000	0.849673	0.849673
4.106000	0.850937	0.850937
4.108000	0.848724	0.848724
4.110000	0.852201	0.852201
4.112000	0.848408	0.848408
4.114000	0.849041	0.849041
4.116000	0.849357	0.849357
4.118000	0.851253	0.851253
4.120000	0.852201	0.852201
4.122000	0.851253	0.851253
4.124000	0.849673	0.849673
4.126000	0.850305	0.850305
4.128000	0.850305	0.850305
4.130000	0.851253	0.851253
4.132000	0.850305	0.850305
4.134000	0.851885	0.851885
4.136000	0.850305	0.850305
4.138000	0.850937	0.850937
4.140000	0.849357	0.849357
4.142000	0.849989	0.849989
4.144000	0.850937	0.850937
4.146000	0.850621	0.850621
4.148000	0.850937	0.850937
4.150000	0.849673	0.849673
4.152000	0.850621	0.850621
4.154000	0.849989	0.849989
4.156000	0.849041	0.849041
4.158000	0.851569	0.851569
4.160000	0.851569	0.851569
4.162000	0.851569	0.851569
4.164000	0.849041	0.849041
4.166000	0.850621	0.850621
4.168000	0.850621	0.850621
4.170000	0.851569	0.851569
4.172000	0.849989	0.849989
4.174000	0.850621	0.850621
4.176000	0.851569	0.851569
4.178000	0.850937	0.850937
4.180000	0.851253	0.851253
4.182000	0.848724	0.848724
4.184000	0.850305	0.850305
4.186000	0.850937	0.850937
4.188000	0.850937	0.850937
4.190000	0.849357	0.849357
4.192000	0.849989	0.849989
4.194000	0.851253	0.851253
4.196000	0.849989	0.849989
4.198000	0.850305	0.850305
4.200000	0.849989	0.849989
4.202000	0.851885	0.851885
4.204000	0.850621	0.850621
4.206000	0.848724	0.848724
4.208000	0.850937	0.850937
4.210000	0.851569	0.851569
4.212000	0.850621	0.850621
4.214000	0.850305	0.850305
4.216000	0.850937	0.850937
4.218000	0.849989	0.849989
4.220000	0.850621	0.850621
4.222000	0.850621	0.850621
4.224000	0.850621	0.850621
4.226000	0.851569	0.851569
4.228000	0.849673	0.849673
4.230000	0.850621	0.850621
4.232000	0.851885	0.851885
4.234000	0.849673	0.849673
4.236000	0.850937	0.850937
4.238000	0.851253	0.851253
4.240000	0.851569	0.851569
4.242000	0.850937	0.850937
4.244000	0.850937	0.850937
4.246000	0.851885	0.851885
4.248000	0.850621	0.850621
4.250000	0.852201	0.852201
4.252000	0.852201	0.852201
4.254000	0.851253	0.851253
4.256000	0.851885	0.851885
4.258000	0.852201	0.852201
4.260000	0.852833	0.852833
4.262000	0.849041	0.849041
4.264000	0.849357	0.849357
4.266000	0.849989	0.849989
4.268000	0.851569	0.851569
4.270000	0.851569	0.851569
4.272000	0.851253	0.851253
4.274000	0.851569	0.851569
4.276000	0.852201	0.852201
4.278000	0.851885	0.851885
4.280000	0.850937	0.850937
4.282000	0.849989	0.849989
4.284000	0.850937	0.850937
4.286000	0.851569	0.851569
4.288000	0.851569	0.851569
4.290000	0.851569	0.851569
4.292000	0.853465	0.853465
4.294000	0.851569	0.851569
4.296000	0.850937	0.850937
4.298000	0.849989	0.849989
4.300000	0.850937	0.850937
4.302000	0.849041	0.849041
4.304000	0.851253	0.851253
4.306000	0.850621	0.850621
4.308000	0.850937	0.850937
4.310000	0.850621	0.850621
4.312000	0.851885	0.851885
4.314000	0.850937	0.850937
4.316000	0.851569	0.851569
4.318000	0.851569	0.851569
4.320000	0.852201	0.852201
4.322000	0.850305	0.850305
4.324000	0.850305	0.850305
4.326000	0.851569	0.851569
4.328000	0.850621	0.850621
4.330000	0.850937	0.850937
4.332000	0.851569	0.851569
4.334000	0.851253	0.851253
4.336000	0.851253	0.851253
4.338000	0.850621	0.850621
4.340000	0.850621	0.850621
4.342000	0.849673	0.849673
4.344000	0.851569	0.851569
4.346000	0.850937	0.850937
4.348000	0.850305	0.850305
4.350000	0.853149	0.853149
4.352000	0.850937	0.850937
4.354000	0.851253	0.851253
4.356000	0.852201	0.852201
4.358000	0.852201	0.852201
4.360000	0.851885	0.851885
4.362000	0.851569	0.851569
4.364000	0.850937	0.850937
4.366000	0.850305	0.850305
4.368000	0.851253	0.851253
4.370000	0.852201	0.852201
4.372000	0.852833	0.852833
4.374000	0.850621	0.850621
4.376000	0.851253	0.851253
4.378000	0.850937	0.850937
4.380000	0.850937	0.850937
4.382000	0.850621	0.850621
4.384000	0.849673	0.849673
4.386000	0.850937	0.850937
4.388000	0.851253	0.851253
4.390000	0.851253	0.851253
4.392000	0.849673	0.849673
4.394000	0.849673	0.849673
4.396000	0.850937	0.850937
4.398000	0.850937	0.850937
4.400000	0.850937	0.850937
4.402000	0.851253	0.851253
4.404000	0.850305	0.850305
4.406000	0.851253	0.851253
4.408000	0.851253	0.851253
4.410000	0.850621	0.850621
4.412000	0.851253	0.851253
4.414000	0.850621	0.850621
4.416000	0.850937	0.850937
4.418000	0.849989	0.849989
4.420000	0.851253	0.851253
4.422000	0.850621	0.850621
4.424000	0.851253	0.851253
4.426000	0.850621	0.850621
4.428000	0.852517	0.852517
4.430000	0.851569	0.851569
4.432000	0.850937	0.850937
4.434000	0.852201	0.852201
4.436000	0.851253	0.851253
4.438000	0.852201	0.852201
4.440000	0.850621	0.850621
4.442000	0.851569	0.851569
4.444000	0.850937	0.850937
4.446000	0.850621	0.850621
4.448000	0.850621	0.850621
4.450000	0.851885	0.851885
4.452000	0.851885	0.851885
4.454000	0.850937	0.850937
4.456000	0.851253	0.851253
4.458000	0.852201	0.852201
4.460000	0.851253	0.851253
4.462000	0.851885	0.851885
4.464000	0.852201	0.852201
4.466000	0.850937	0.850937
4.468000	0.851253	0.851253
4.470000	0.852201	0.852201
4.472000	0.850621	0.850621
4.474000	0.850937	0.850937
4.476000	0.850305	0.850305
4.478000	0.852201	0.852201
4.480000	0.851253	0.851253
4.482000	0.849673	0.849673
4.484000	0.851569	0.851569
4.486000	0.851253	0.851253
4.488000	0.852517	0.852517
4.490000	0.850937	0.850937
4.492000	0.851569	0.851569
4.494000	0.850937	0.850937
4.496000	0.850937	0.850937
4.498000	0.849673	0.849673
4.500000	0.851885	0.851885
4.502000	0.852517	0.852517
4.504000	0.851569	0.851569
4.506000	0.852517	0.852517
4.508000	0.851885	0.851885
4.510000	0.850621	0.850621
4.512000	0.850305	0.850305
4.514000	0.852201	0.852201
4.516000	0.852201	0.852201
4.518000	0.849989	0.849989
4.520000	0.850937	0.850937
4.522000	0.851569	0.851569
4.524000	0.853149	0.853149
4.526000	0.852833	0.852833
4.528000	0.850305	0.850305
4.530000	0.851253	0.851253
4.532000	0.851253	0.851253
4.534000	0.850937	0.850937
4.536000	0.851569	0.851569
4.538000	0.850937	0.850937
4.540000	0.850305	0.850305
4.542000	0.852201	0.852201
4.544000	0.849673	0.849673
4.546000	0.852833	0.852833
4.548000	0.851569	0.851569
4.550000	0.850621	0.850621
4.552000	0.851253	0.851253
4.554000	0.850937	0.850937
4.556000	0.850305	0.850305
4.558000	0.852201	0.852201
4.560000	0.851885	0.851885
4.562000	0.851569	0.851569
4.564000	0.852833	0.852833
4.566000	0.850937	0.850937
4.568000	0.851253	0.851253
4.570000	0.851569	0.851569
4.572000	0.851569	0.851569
4.574000	0.852517	0.852517
4.576000	0.850937	0.850937
4.578000	0.851569	0.851569
4.580000	0.852201	0.852201
4.582000	0.852517	0.852517
4.584000	0.851885	0.851885
4.586000	0.852201	0.852201
4.588000	0.851253	0.851253
4.590000	0.851885	0.851885
4.592000	0.850621	0.850621
4.594000	0.851569	0.851569
4.596000	0.849673	0.849673
4.598000	0.852201	0.852201
4.600000	0.851253	0.851253
4.602000	0.850305	0.850305
4.604000	0.851885	0.851885
4.606000	0.850937	0.850937
4.608000	0.851253	0.851253
4.610000	0.850305	0.850305
4.612000	0.850305	0.850305
4.614000	0.851253	0.851253
4.616000	0.851569	0.851569
4.618000	0.851253	0.851253
4.620000	0.849989	0.849989
4.622000	0.851569	0.851569
4.624000	0.849673	0.849673
4.626000	0.851569	0.851569
4.628000	0.850937	0.850937
4.630000	0.850937	0.850937
4.632000	0.852201	0.852201
4.634000	0.849673	0.849673
4.636000	0.850305	0.850305
4.638000	0.850937	0.850937
4.640000	0.851253	0.851253
4.642000	0.851253	0.851253
4.644000	0.849989	0.849989
4.646000	0.852201	0.852201
4.648000	0.851885	0.851885
4.650000	0.850937	0.850937
4.652000	0.851253	0.851253
4.654000	0.851253	0.851253
4.656000	0.852201	0.852201
4.658000	0.852201	0.852201
4.660000	0.851885	0.851885
4.662000	0.850937	0.850937
4.664000	0.851253	0.851253
4.666000	0.852201	0.852201
4.668000	0.851885	0.851885
4.670000	0.850621	0.850621
4.672000	0.851885	0.851885
4.674000	0.850937	0.850937
4.676000	0.850937	0.850937
4.678000	0.852201	0.852201
4.680000	0.851569	0.851569
4.682000	0.849989	0.849989
4.684000	0.850621	0.850621
4.686000	0.851885	0.851885
4.688000	0.850937	0.850937
4.690000	0.853465	0.853465
4.692000	0.850937	0.850937
4.694000	0.851253	0.851253
4.696000	0.852517	0.852517
4.698000	0.851569	0.851569
4.700000	0.851253	0.851253
4.702000	0.850621	0.850621
4.704000	0.851569	0.851569
4.706000	0.852201	0.852201
4.708000	0.849673	0.849673
4.710000	0.852833	0.852833
4.712000	0.850305	0.850305
4.714000	0.852833	0.852833
4.716000	0.851569	0.851569
4.718000	0.850937	0.850937
4.720000	0.852201	0.852201
4.722000	0.851885	0.851885
4.724000	0.851569	0.851569
4.726000	0.849673	0.849673
4.728000	0.851253	0.851253
4.730000	0.852833	0.852833
4.732000	0.852201	0.852201
4.734000	0.851885	0.851885
4.736000	0.851569	0.851569
4.738000	0.851569	0.851569
4.740000	0.851569	0.851569
4.742000	0.851569	0.851569
4.744000	0.853149	0.853149
4.746000	0.851885	0.851885
4.748000	0.850937	0.850937
4.750000	0.852201	0.852201
4.752000	0.851885	0.851885
4.754000	0.851253	0.851253
4.756000	0.851885	0.851885
4.758000	0.850937	0.850937
4.760000	0.850621	0.850621
4.762000	0.850937	0.850937
4.764000	0.850621	0.850621
4.766000	0.850937	0.850937
4.768000	0.850621	0.850621
4.770000	0.850305	0.850305
4.772000	0.851885	0.851885
4.774000	0.849673	0.849673
4.776000	0.851569	0.851569
4.778000	0.852201	0.852201
4.780000	0.850621	0.850621
4.782000	0.849041	0.849041
4.784000	0.849357	0.849357
4.786000	0.849989	0.849989
4.788000	0.851253	0.851253
4.790000	0.852201	0.852201
4.792000	0.851885	0.851885
4.794000	0.852517	0.852517
4.796000	0.851885	0.851885
4.798000	0.852517	0.852517
4.800000	0.851885	0.851885
4.802000	0.852201	0.852201
4.804000	0.852833	0.852833
4.806000	0.849989	0.849989
4.808000	0.850621	0.850621
4.810000	0.852833	0.852833
4.812000	0.850937	0.850937
4.814000	0.849041	0.849041
4.816000	0.849673	0.849673
4.818000	0.851885	0.851885
4.820000	0.852201	0.852201
4.822000	0.849673	0.849673
4.824000	0.850937	0.850937
4.826000	0.850937	0.850937
4.828000	0.852833	0.852833
4.830000	0.850305	0.850305
4.832000	0.851569	0.851569
4.834000	0.851569	0.851569
4.836000	0.850937	0.850937
4.838000	0.852201	0.852201
4.840000	0.850937	0.850937
4.842000	0.850937	0.850937
4.844000	0.849673	0.849673
4.846000	0.849357	0.849357
4.848000	0.851569	0.851569
4.850000	0.851253	0.851253
4.852000	0.851569	0.851569
4.854000	0.852833	0.852833
4.856000	0.850621	0.850621
4.858000	0.851253	0.851253
4.860000	0.850621	0.850621
4.862000	0.851885	0.851885
4.864000	0.852201	0.852201
4.866000	0.851885	0.851885
4.868000	0.852517	0.852517
4.870000	0.852201	0.852201
4.872000	0.851885	0.851885
4.874000	0.850305	0.850305
4.876000	0.851253	0.851253
4.878000	0.852201	0.852201
4.880000	0.850621	0.850621
4.882000	0.850937	0.850937
4.884000	0.851885	0.851885
4.886000	0.851569	0.851569
4.888000	0.850621	0.850621
4.890000	0.852517	0.852517
4.892000	0.850937	0.850937
4.894000	0.850937	0.850937
4.896000	0.851569	0.851569
4.898000	0.851569	0.851569
4.900000	0.852517	0.852517
4.902000	0.853465	0.853465
4.904000	0.852201	0.852201
4.906000	0.851885	0.851885
4.908000	0.849673	0.849673
4.910000	0.851253	0.851253
4.912000	0.850621	0.850621
4.914000	0.850937	0.850937
4.916000	0.851569	0.851569
4.918000	0.851253	0.851253
4.920000	0.849041	0.849041
4.922000	0.849673	0.849673
4.924000	0.850937	0.850937
4.926000	0.849673	0.849673
4.928000	0.851569	0.851569
4.930000	0.852201	0.852201
4.932000	0.851253	0.851253
4.934000	0.851569	0.851569
4.936000	0.850305	0.850305
4.938000	0.853149	0.853149
4.940000	0.851569	0.851569
4.942000	0.851569	0.851569
4.944000	0.850937	0.850937
4.946000	0.851253	0.851253
4.948000	0.850937	0.850937
4.950000	0.850305	0.850305
4.952000	0.849673	0.849673
4.954000	0.851569	0.851569
4.956000	0.853149	0.853149
4.958000	0.851253	0.851253
4.960000	0.851569	0.851569
4.962000	0.851253	0.851253
4.964000	0.849989	0.849989
4.966000	0.851569	0.851569
4.968000	0.850621	0.850621
4.970000	0.849673	0.849673
4.972000	0.852517	0.852517
4.974000	0.851569	0.851569
4.976000	0.849989	0.849989
4.978000	0.850621	0.850621
4.980000	0.850937	0.850937
4.982000	0.851253	0.851253
4.984000	0.851253	0.851253
4.986000	0.850937	0.850937
4.988000	0.851253	0.851253
4.990000	0.851253	0.851253
4.992000	0.851885	0.851885
4.994000	0.852201	0.852201
4.996000	0.850937	0.850937
4.998000	0.851253	0.851253
