11/3/2016
11:25:05 AM

0, CH+=0, CH-=199, Range=+/-10, y=a


Time	v0	y0
0.000000	0.853465	0.853465
0.002000	0.852201	0.852201
0.004000	0.853465	0.853465
0.006000	0.853149	0.853149
0.008000	0.853149	0.853149
0.010000	0.854730	0.854730
0.012000	0.853782	0.853782
0.014000	0.852201	0.852201
0.016000	0.854098	0.854098
0.018000	0.851885	0.851885
0.020000	0.852517	0.852517
0.022000	0.851885	0.851885
0.024000	0.852833	0.852833
0.026000	0.852517	0.852517
0.028000	0.852517	0.852517
0.030000	0.854730	0.854730
0.032000	0.854730	0.854730
0.034000	0.851253	0.851253
0.036000	0.853782	0.853782
0.038000	0.851885	0.851885
0.040000	0.853465	0.853465
0.042000	0.854098	0.854098
0.044000	0.851885	0.851885
0.046000	0.853782	0.853782
0.048000	0.854414	0.854414
0.050000	0.854414	0.854414
0.052000	0.852833	0.852833
0.054000	0.853149	0.853149
0.056000	0.852833	0.852833
0.058000	0.853782	0.853782
0.060000	0.853465	0.853465
0.062000	0.852201	0.852201
0.064000	0.853465	0.853465
0.066000	0.855046	0.855046
0.068000	0.855362	0.855362
0.070000	0.852201	0.852201
0.072000	0.854098	0.854098
0.074000	0.854098	0.854098
0.076000	0.852201	0.852201
0.078000	0.853465	0.853465
0.080000	0.853465	0.853465
0.082000	0.853782	0.853782
0.084000	0.851885	0.851885
0.086000	0.853465	0.853465
0.088000	0.855678	0.855678
0.090000	0.851253	0.851253
0.092000	0.852201	0.852201
0.094000	0.853149	0.853149
0.096000	0.852517	0.852517
0.098000	0.853149	0.853149
0.100000	0.852201	0.852201
0.102000	0.851885	0.851885
0.104000	0.853465	0.853465
0.106000	0.852833	0.852833
0.108000	0.851253	0.851253
0.110000	0.852201	0.852201
0.112000	0.852517	0.852517
0.114000	0.851885	0.851885
0.116000	0.852833	0.852833
0.118000	0.853782	0.853782
0.120000	0.854098	0.854098
0.122000	0.854098	0.854098
0.124000	0.853149	0.853149
0.126000	0.853149	0.853149
0.128000	0.853149	0.853149
0.130000	0.852833	0.852833
0.132000	0.852201	0.852201
0.134000	0.852833	0.852833
0.136000	0.853782	0.853782
0.138000	0.853782	0.853782
0.140000	0.853465	0.853465
0.142000	0.853149	0.853149
0.144000	0.852833	0.852833
0.146000	0.852201	0.852201
0.148000	0.850621	0.850621
0.150000	0.853782	0.853782
0.152000	0.852833	0.852833
0.154000	0.852201	0.852201
0.156000	0.853782	0.853782
0.158000	0.854098	0.854098
0.160000	0.853149	0.853149
0.162000	0.853465	0.853465
0.164000	0.855362	0.855362
0.166000	0.854098	0.854098
0.168000	0.853149	0.853149
0.170000	0.852201	0.852201
0.172000	0.851569	0.851569
0.174000	0.853149	0.853149
0.176000	0.853465	0.853465
0.178000	0.854414	0.854414
0.180000	0.853782	0.853782
0.182000	0.853465	0.853465
0.184000	0.851885	0.851885
0.186000	0.852833	0.852833
0.188000	0.852201	0.852201
0.190000	0.852201	0.852201
0.192000	0.851253	0.851253
0.194000	0.851885	0.851885
0.196000	0.852201	0.852201
0.198000	0.853782	0.853782
0.200000	0.853465	0.853465
0.202000	0.854098	0.854098
0.204000	0.852517	0.852517
0.206000	0.852517	0.852517
0.208000	0.854098	0.854098
0.210000	0.853782	0.853782
0.212000	0.853782	0.853782
0.214000	0.852201	0.852201
0.216000	0.853465	0.853465
0.218000	0.852517	0.852517
0.220000	0.852833	0.852833
0.222000	0.853465	0.853465
0.224000	0.854730	0.854730
0.226000	0.854098	0.854098
0.228000	0.852833	0.852833
0.230000	0.853465	0.853465
0.232000	0.852833	0.852833
0.234000	0.855678	0.855678
0.236000	0.853782	0.853782
0.238000	0.854414	0.854414
0.240000	0.852201	0.852201
0.242000	0.854098	0.854098
0.244000	0.853465	0.853465
0.246000	0.851569	0.851569
0.248000	0.854098	0.854098
0.250000	0.852833	0.852833
0.252000	0.853149	0.853149
0.254000	0.852833	0.852833
0.256000	0.852517	0.852517
0.258000	0.853149	0.853149
0.260000	0.852517	0.852517
0.262000	0.852833	0.852833
0.264000	0.852517	0.852517
0.266000	0.850937	0.850937
0.268000	0.854098	0.854098
0.270000	0.853465	0.853465
0.272000	0.852201	0.852201
0.274000	0.850305	0.850305
0.276000	0.852201	0.852201
0.278000	0.853149	0.853149
0.280000	0.852201	0.852201
0.282000	0.854730	0.854730
0.284000	0.852833	0.852833
0.286000	0.852517	0.852517
0.288000	0.852833	0.852833
0.290000	0.852201	0.852201
0.292000	0.853465	0.853465
0.294000	0.854098	0.854098
0.296000	0.852833	0.852833
0.298000	0.852517	0.852517
0.300000	0.852517	0.852517
0.302000	0.853149	0.853149
0.304000	0.853465	0.853465
0.306000	0.851569	0.851569
0.308000	0.853465	0.853465
0.310000	0.852833	0.852833
0.312000	0.852517	0.852517
0.314000	0.852833	0.852833
0.316000	0.854730	0.854730
0.318000	0.853782	0.853782
0.320000	0.852833	0.852833
0.322000	0.852833	0.852833
0.324000	0.852201	0.852201
0.326000	0.851885	0.851885
0.328000	0.852201	0.852201
0.330000	0.853465	0.853465
0.332000	0.853782	0.853782
0.334000	0.853782	0.853782
0.336000	0.850937	0.850937
0.338000	0.851253	0.851253
0.340000	0.853465	0.853465
0.342000	0.852833	0.852833
0.344000	0.853465	0.853465
0.346000	0.852833	0.852833
0.348000	0.852833	0.852833
0.350000	0.853782	0.853782
0.352000	0.853149	0.853149
0.354000	0.852833	0.852833
0.356000	0.853782	0.853782
0.358000	0.853465	0.853465
0.360000	0.853465	0.853465
0.362000	0.853465	0.853465
0.364000	0.854414	0.854414
0.366000	0.853465	0.853465
0.368000	0.852833	0.852833
0.370000	0.852517	0.852517
0.372000	0.851569	0.851569
0.374000	0.853782	0.853782
0.376000	0.853149	0.853149
0.378000	0.853149	0.853149
0.380000	0.853782	0.853782
0.382000	0.853465	0.853465
0.384000	0.854098	0.854098
0.386000	0.852833	0.852833
0.388000	0.851885	0.851885
0.390000	0.853782	0.853782
0.392000	0.853782	0.853782
0.394000	0.853782	0.853782
0.396000	0.854098	0.854098
0.398000	0.852201	0.852201
0.400000	0.852833	0.852833
0.402000	0.852833	0.852833
0.404000	0.853465	0.853465
0.406000	0.852833	0.852833
0.408000	0.853149	0.853149
0.410000	0.852517	0.852517
0.412000	0.853465	0.853465
0.414000	0.853465	0.853465
0.416000	0.853465	0.853465
0.418000	0.851885	0.851885
0.420000	0.853465	0.853465
0.422000	0.853782	0.853782
0.424000	0.852517	0.852517
0.426000	0.853149	0.853149
0.428000	0.853465	0.853465
0.430000	0.852201	0.852201
0.432000	0.853465	0.853465
0.434000	0.852201	0.852201
0.436000	0.853782	0.853782
0.438000	0.854414	0.854414
0.440000	0.850621	0.850621
0.442000	0.852517	0.852517
0.444000	0.851253	0.851253
0.446000	0.853149	0.853149
0.448000	0.854730	0.854730
0.450000	0.853465	0.853465
0.452000	0.851885	0.851885
0.454000	0.852517	0.852517
0.456000	0.852833	0.852833
0.458000	0.853149	0.853149
0.460000	0.852833	0.852833
0.462000	0.854098	0.854098
0.464000	0.854098	0.854098
0.466000	0.853465	0.853465
0.468000	0.853782	0.853782
0.470000	0.853149	0.853149
0.472000	0.852833	0.852833
0.474000	0.852201	0.852201
0.476000	0.853465	0.853465
0.478000	0.854098	0.854098
0.480000	0.852517	0.852517
0.482000	0.853149	0.853149
0.484000	0.852833	0.852833
0.486000	0.852201	0.852201
0.488000	0.855362	0.855362
0.490000	0.853149	0.853149
0.492000	0.852517	0.852517
0.494000	0.853149	0.853149
0.496000	0.853465	0.853465
0.498000	0.854098	0.854098
0.500000	0.852517	0.852517
0.502000	0.852201	0.852201
0.504000	0.852517	0.852517
0.506000	0.851885	0.851885
0.508000	0.852833	0.852833
0.510000	0.854730	0.854730
0.512000	0.854730	0.854730
0.514000	0.852833	0.852833
0.516000	0.852517	0.852517
0.518000	0.852833	0.852833
0.520000	0.854730	0.854730
0.522000	0.852517	0.852517
0.524000	0.852201	0.852201
0.526000	0.853465	0.853465
0.528000	0.853782	0.853782
0.530000	0.854730	0.854730
0.532000	0.853465	0.853465
0.534000	0.852833	0.852833
0.536000	0.853149	0.853149
0.538000	0.853465	0.853465
0.540000	0.854730	0.854730
0.542000	0.853465	0.853465
0.544000	0.852833	0.852833
0.546000	0.851569	0.851569
0.548000	0.852201	0.852201
0.550000	0.852201	0.852201
0.552000	0.852833	0.852833
0.554000	0.853149	0.853149
0.556000	0.853465	0.853465
0.558000	0.853149	0.853149
0.560000	0.852833	0.852833
0.562000	0.852201	0.852201
0.564000	0.853465	0.853465
0.566000	0.852517	0.852517
0.568000	0.852833	0.852833
0.570000	0.852517	0.852517
0.572000	0.853465	0.853465
0.574000	0.852201	0.852201
0.576000	0.853465	0.853465
0.578000	0.853149	0.853149
0.580000	0.852201	0.852201
0.582000	0.852517	0.852517
0.584000	0.853465	0.853465
0.586000	0.854098	0.854098
0.588000	0.852201	0.852201
0.590000	0.851253	0.851253
0.592000	0.853465	0.853465
0.594000	0.853465	0.853465
0.596000	0.853465	0.853465
0.598000	0.853465	0.853465
0.600000	0.852201	0.852201
0.602000	0.853782	0.853782
0.604000	0.853149	0.853149
0.606000	0.853465	0.853465
0.608000	0.853465	0.853465
0.610000	0.852833	0.852833
0.612000	0.852201	0.852201
0.614000	0.854098	0.854098
0.616000	0.853149	0.853149
0.618000	0.852833	0.852833
0.620000	0.853149	0.853149
0.622000	0.854414	0.854414
0.624000	0.851253	0.851253
0.626000	0.853782	0.853782
0.628000	0.854730	0.854730
0.630000	0.853149	0.853149
0.632000	0.850937	0.850937
0.634000	0.853465	0.853465
0.636000	0.853149	0.853149
0.638000	0.852833	0.852833
0.640000	0.853465	0.853465
0.642000	0.852517	0.852517
0.644000	0.852201	0.852201
0.646000	0.853149	0.853149
0.648000	0.852517	0.852517
0.650000	0.853149	0.853149
0.652000	0.852517	0.852517
0.654000	0.852201	0.852201
0.656000	0.853465	0.853465
0.658000	0.852517	0.852517
0.660000	0.854414	0.854414
0.662000	0.853149	0.853149
0.664000	0.853465	0.853465
0.666000	0.853149	0.853149
0.668000	0.854098	0.854098
0.670000	0.853149	0.853149
0.672000	0.853149	0.853149
0.674000	0.853782	0.853782
0.676000	0.853782	0.853782
0.678000	0.853149	0.853149
0.680000	0.854730	0.854730
0.682000	0.852833	0.852833
0.684000	0.854098	0.854098
0.686000	0.852833	0.852833
0.688000	0.852517	0.852517
0.690000	0.853782	0.853782
0.692000	0.853149	0.853149
0.694000	0.852833	0.852833
0.696000	0.852833	0.852833
0.698000	0.854098	0.854098
0.700000	0.852201	0.852201
0.702000	0.853465	0.853465
0.704000	0.852833	0.852833
0.706000	0.854098	0.854098
0.708000	0.853465	0.853465
0.710000	0.853465	0.853465
0.712000	0.854414	0.854414
0.714000	0.854730	0.854730
0.716000	0.853782	0.853782
0.718000	0.855046	0.855046
0.720000	0.852833	0.852833
0.722000	0.853465	0.853465
0.724000	0.853465	0.853465
0.726000	0.853782	0.853782
0.728000	0.852201	0.852201
0.730000	0.852517	0.852517
0.732000	0.852517	0.852517
0.734000	0.853149	0.853149
0.736000	0.853782	0.853782
0.738000	0.852201	0.852201
0.740000	0.852201	0.852201
0.742000	0.852517	0.852517
0.744000	0.853782	0.853782
0.746000	0.853465	0.853465
0.748000	0.852201	0.852201
0.750000	0.852833	0.852833
0.752000	0.854414	0.854414
0.754000	0.852201	0.852201
0.756000	0.853465	0.853465
0.758000	0.852201	0.852201
0.760000	0.851569	0.851569
0.762000	0.853782	0.853782
0.764000	0.851569	0.851569
0.766000	0.853465	0.853465
0.768000	0.853465	0.853465
0.770000	0.853465	0.853465
0.772000	0.851885	0.851885
0.774000	0.853782	0.853782
0.776000	0.852833	0.852833
0.778000	0.852833	0.852833
0.780000	0.853465	0.853465
0.782000	0.853149	0.853149
0.784000	0.852833	0.852833
0.786000	0.852517	0.852517
0.788000	0.853465	0.853465
0.790000	0.851885	0.851885
0.792000	0.852833	0.852833
0.794000	0.853149	0.853149
0.796000	0.853782	0.853782
0.798000	0.854098	0.854098
0.800000	0.853782	0.853782
0.802000	0.853465	0.853465
0.804000	0.853465	0.853465
0.806000	0.852517	0.852517
0.808000	0.852517	0.852517
0.810000	0.854730	0.854730
0.812000	0.851569	0.851569
0.814000	0.853465	0.853465
0.816000	0.853782	0.853782
0.818000	0.853465	0.853465
0.820000	0.853465	0.853465
0.822000	0.853465	0.853465
0.824000	0.851885	0.851885
0.826000	0.852201	0.852201
0.828000	0.852517	0.852517
0.830000	0.854730	0.854730
0.832000	0.853782	0.853782
0.834000	0.853782	0.853782
0.836000	0.853465	0.853465
0.838000	0.854730	0.854730
0.840000	0.854730	0.854730
0.842000	0.853465	0.853465
0.844000	0.852517	0.852517
0.846000	0.852833	0.852833
0.848000	0.853465	0.853465
0.850000	0.854098	0.854098
0.852000	0.852201	0.852201
0.854000	0.853149	0.853149
0.856000	0.853465	0.853465
0.858000	0.853465	0.853465
0.860000	0.853465	0.853465
0.862000	0.852833	0.852833
0.864000	0.852833	0.852833
0.866000	0.853782	0.853782
0.868000	0.853782	0.853782
0.870000	0.854414	0.854414
0.872000	0.854098	0.854098
0.874000	0.854098	0.854098
0.876000	0.853149	0.853149
0.878000	0.855046	0.855046
0.880000	0.851885	0.851885
0.882000	0.853149	0.853149
0.884000	0.853465	0.853465
0.886000	0.853465	0.853465
0.888000	0.853149	0.853149
0.890000	0.852517	0.852517
0.892000	0.854730	0.854730
0.894000	0.854098	0.854098
0.896000	0.854098	0.854098
0.898000	0.851569	0.851569
0.900000	0.853465	0.853465
0.902000	0.852833	0.852833
0.904000	0.854098	0.854098
0.906000	0.853465	0.853465
0.908000	0.853465	0.853465
0.910000	0.852201	0.852201
0.912000	0.854098	0.854098
0.914000	0.853782	0.853782
0.916000	0.853465	0.853465
0.918000	0.852201	0.852201
0.920000	0.852833	0.852833
0.922000	0.853782	0.853782
0.924000	0.852201	0.852201
0.926000	0.852517	0.852517
0.928000	0.852201	0.852201
0.930000	0.851253	0.851253
0.932000	0.852517	0.852517
0.934000	0.852201	0.852201
0.936000	0.853465	0.853465
0.938000	0.852201	0.852201
0.940000	0.852517	0.852517
0.942000	0.852833	0.852833
0.944000	0.852517	0.852517
0.946000	0.855046	0.855046
0.948000	0.851569	0.851569
0.950000	0.852201	0.852201
0.952000	0.852201	0.852201
0.954000	0.853149	0.853149
0.956000	0.853782	0.853782
0.958000	0.851569	0.851569
0.960000	0.850305	0.850305
0.962000	0.851569	0.851569
0.964000	0.853149	0.853149
0.966000	0.853782	0.853782
0.968000	0.853782	0.853782
0.970000	0.853465	0.853465
0.972000	0.852201	0.852201
0.974000	0.854414	0.854414
0.976000	0.852201	0.852201
0.978000	0.852833	0.852833
0.980000	0.851253	0.851253
0.982000	0.853782	0.853782
0.984000	0.852517	0.852517
0.986000	0.852201	0.852201
0.988000	0.853465	0.853465
0.990000	0.852201	0.852201
0.992000	0.852201	0.852201
0.994000	0.852517	0.852517
0.996000	0.854414	0.854414
0.998000	0.852517	0.852517
1.000000	0.853782	0.853782
1.002000	0.852201	0.852201
1.004000	0.853782	0.853782
1.006000	0.853782	0.853782
1.008000	0.853465	0.853465
1.010000	0.855046	0.855046
1.012000	0.853465	0.853465
1.014000	0.852833	0.852833
1.016000	0.852201	0.852201
1.018000	0.854098	0.854098
1.020000	0.852517	0.852517
1.022000	0.853149	0.853149
1.024000	0.852201	0.852201
1.026000	0.852517	0.852517
1.028000	0.854098	0.854098
1.030000	0.854414	0.854414
1.032000	0.854098	0.854098
1.034000	0.853782	0.853782
1.036000	0.852833	0.852833
1.038000	0.852833	0.852833
1.040000	0.853465	0.853465
1.042000	0.853782	0.853782
1.044000	0.852201	0.852201
1.046000	0.853149	0.853149
1.048000	0.854098	0.854098
1.050000	0.853149	0.853149
1.052000	0.854414	0.854414
1.054000	0.852833	0.852833
1.056000	0.853149	0.853149
1.058000	0.853782	0.853782
1.060000	0.852517	0.852517
1.062000	0.854098	0.854098
1.064000	0.853465	0.853465
1.066000	0.854414	0.854414
1.068000	0.853465	0.853465
1.070000	0.852201	0.852201
1.072000	0.854730	0.854730
1.074000	0.852517	0.852517
1.076000	0.851885	0.851885
1.078000	0.852517	0.852517
1.080000	0.853465	0.853465
1.082000	0.852201	0.852201
1.084000	0.854414	0.854414
1.086000	0.853465	0.853465
1.088000	0.854098	0.854098
1.090000	0.853465	0.853465
1.092000	0.852201	0.852201
1.094000	0.850305	0.850305
1.096000	0.853149	0.853149
1.098000	0.854098	0.854098
1.100000	0.852833	0.852833
1.102000	0.851253	0.851253
1.104000	0.853149	0.853149
1.106000	0.853782	0.853782
1.108000	0.853465	0.853465
1.110000	0.853782	0.853782
1.112000	0.852517	0.852517
1.114000	0.851569	0.851569
1.116000	0.851569	0.851569
1.118000	0.854730	0.854730
1.120000	0.853465	0.853465
1.122000	0.852833	0.852833
1.124000	0.853149	0.853149
1.126000	0.852517	0.852517
1.128000	0.853149	0.853149
1.130000	0.853465	0.853465
1.132000	0.853782	0.853782
1.134000	0.852201	0.852201
1.136000	0.853465	0.853465
1.138000	0.854098	0.854098
1.140000	0.853149	0.853149
1.142000	0.853149	0.853149
1.144000	0.852833	0.852833
1.146000	0.852201	0.852201
1.148000	0.851569	0.851569
1.150000	0.851569	0.851569
1.152000	0.853465	0.853465
1.154000	0.854098	0.854098
1.156000	0.852517	0.852517
1.158000	0.852201	0.852201
1.160000	0.853149	0.853149
1.162000	0.855362	0.855362
1.164000	0.851569	0.851569
1.166000	0.852201	0.852201
1.168000	0.852833	0.852833
1.170000	0.852833	0.852833
1.172000	0.853149	0.853149
1.174000	0.852517	0.852517
1.176000	0.853465	0.853465
1.178000	0.853782	0.853782
1.180000	0.854730	0.854730
1.182000	0.853465	0.853465
1.184000	0.852833	0.852833
1.186000	0.853149	0.853149
1.188000	0.852517	0.852517
1.190000	0.853782	0.853782
1.192000	0.854098	0.854098
1.194000	0.852517	0.852517
1.196000	0.853465	0.853465
1.198000	0.853465	0.853465
1.200000	0.853465	0.853465
1.202000	0.853782	0.853782
1.204000	0.851885	0.851885
1.206000	0.851885	0.851885
1.208000	0.854730	0.854730
1.210000	0.851885	0.851885
1.212000	0.853782	0.853782
1.214000	0.853465	0.853465
1.216000	0.852201	0.852201
1.218000	0.852517	0.852517
1.220000	0.853782	0.853782
1.222000	0.852833	0.852833
1.224000	0.854730	0.854730
1.226000	0.851569	0.851569
1.228000	0.852833	0.852833
1.230000	0.852833	0.852833
1.232000	0.852517	0.852517
1.234000	0.852201	0.852201
1.236000	0.852201	0.852201
1.238000	0.852201	0.852201
1.240000	0.853149	0.853149
1.242000	0.853149	0.853149
1.244000	0.852833	0.852833
1.246000	0.852833	0.852833
1.248000	0.853465	0.853465
1.250000	0.853782	0.853782
1.252000	0.853149	0.853149
1.254000	0.853465	0.853465
1.256000	0.853782	0.853782
1.258000	0.852517	0.852517
1.260000	0.853465	0.853465
1.262000	0.853782	0.853782
1.264000	0.853465	0.853465
1.266000	0.853465	0.853465
1.268000	0.854098	0.854098
1.270000	0.853782	0.853782
1.272000	0.853465	0.853465
1.274000	0.852517	0.852517
1.276000	0.851885	0.851885
1.278000	0.853465	0.853465
1.280000	0.853782	0.853782
1.282000	0.851569	0.851569
1.284000	0.854098	0.854098
1.286000	0.852517	0.852517
1.288000	0.852833	0.852833
1.290000	0.854098	0.854098
1.292000	0.853782	0.853782
1.294000	0.852833	0.852833
1.296000	0.853465	0.853465
1.298000	0.851885	0.851885
1.300000	0.852201	0.852201
1.302000	0.852517	0.852517
1.304000	0.853465	0.853465
1.306000	0.853465	0.853465
1.308000	0.852517	0.852517
1.310000	0.853465	0.853465
1.312000	0.852833	0.852833
1.314000	0.852833	0.852833
1.316000	0.853149	0.853149
1.318000	0.853782	0.853782
1.320000	0.852517	0.852517
1.322000	0.852517	0.852517
1.324000	0.855994	0.855994
1.326000	0.852833	0.852833
1.328000	0.852201	0.852201
1.330000	0.854098	0.854098
1.332000	0.854730	0.854730
1.334000	0.853465	0.853465
1.336000	0.853782	0.853782
1.338000	0.852833	0.852833
1.340000	0.852833	0.852833
1.342000	0.853465	0.853465
1.344000	0.854414	0.854414
1.346000	0.853149	0.853149
1.348000	0.852201	0.852201
1.350000	0.854730	0.854730
1.352000	0.853465	0.853465
1.354000	0.854098	0.854098
1.356000	0.853465	0.853465
1.358000	0.852201	0.852201
1.360000	0.854098	0.854098
1.362000	0.853465	0.853465
1.364000	0.853149	0.853149
1.366000	0.854098	0.854098
1.368000	0.852833	0.852833
1.370000	0.852833	0.852833
1.372000	0.853465	0.853465
1.374000	0.853465	0.853465
1.376000	0.853465	0.853465
1.378000	0.852833	0.852833
1.380000	0.853149	0.853149
1.382000	0.853782	0.853782
1.384000	0.853149	0.853149
1.386000	0.852517	0.852517
1.388000	0.852833	0.852833
1.390000	0.851569	0.851569
1.392000	0.853465	0.853465
1.394000	0.852201	0.852201
1.396000	0.852833	0.852833
1.398000	0.851885	0.851885
1.400000	0.852201	0.852201
1.402000	0.852201	0.852201
1.404000	0.854414	0.854414
1.406000	0.853465	0.853465
1.408000	0.853149	0.853149
1.410000	0.851885	0.851885
1.412000	0.853149	0.853149
1.414000	0.853782	0.853782
1.416000	0.853149	0.853149
1.418000	0.853782	0.853782
1.420000	0.852517	0.852517
1.422000	0.852833	0.852833
1.424000	0.852201	0.852201
1.426000	0.852201	0.852201
1.428000	0.852201	0.852201
1.430000	0.854730	0.854730
1.432000	0.853465	0.853465
1.434000	0.853149	0.853149
1.436000	0.851569	0.851569
1.438000	0.852833	0.852833
1.440000	0.851885	0.851885
1.442000	0.851253	0.851253
1.444000	0.852201	0.852201
1.446000	0.853465	0.853465
1.448000	0.851569	0.851569
1.450000	0.852833	0.852833
1.452000	0.854098	0.854098
1.454000	0.852517	0.852517
1.456000	0.853465	0.853465
1.458000	0.853465	0.853465
1.460000	0.853149	0.853149
1.462000	0.853149	0.853149
1.464000	0.852201	0.852201
1.466000	0.852201	0.852201
1.468000	0.851569	0.851569
1.470000	0.852833	0.852833
1.472000	0.852201	0.852201
1.474000	0.855046	0.855046
1.476000	0.852201	0.852201
1.478000	0.850937	0.850937
1.480000	0.852833	0.852833
1.482000	0.854098	0.854098
1.484000	0.853149	0.853149
1.486000	0.852833	0.852833
1.488000	0.852833	0.852833
1.490000	0.852517	0.852517
1.492000	0.853782	0.853782
1.494000	0.854098	0.854098
1.496000	0.853465	0.853465
1.498000	0.854098	0.854098
1.500000	0.853465	0.853465
1.502000	0.854414	0.854414
1.504000	0.852201	0.852201
1.506000	0.852833	0.852833
1.508000	0.852201	0.852201
1.510000	0.853782	0.853782
1.512000	0.853465	0.853465
1.514000	0.853149	0.853149
1.516000	0.851885	0.851885
1.518000	0.852833	0.852833
1.520000	0.853465	0.853465
1.522000	0.853465	0.853465
1.524000	0.851885	0.851885
1.526000	0.854414	0.854414
1.528000	0.853465	0.853465
1.530000	0.853465	0.853465
1.532000	0.854098	0.854098
1.534000	0.853782	0.853782
1.536000	0.852201	0.852201
1.538000	0.853465	0.853465
1.540000	0.853465	0.853465
1.542000	0.854098	0.854098
1.544000	0.852201	0.852201
1.546000	0.853149	0.853149
1.548000	0.853149	0.853149
1.550000	0.853782	0.853782
1.552000	0.852833	0.852833
1.554000	0.853465	0.853465
1.556000	0.853782	0.853782
1.558000	0.853782	0.853782
1.560000	0.853465	0.853465
1.562000	0.852833	0.852833
1.564000	0.853149	0.853149
1.566000	0.852201	0.852201
1.568000	0.851885	0.851885
1.570000	0.854098	0.854098
1.572000	0.853149	0.853149
1.574000	0.850621	0.850621
1.576000	0.852833	0.852833
1.578000	0.851885	0.851885
1.580000	0.853149	0.853149
1.582000	0.854730	0.854730
1.584000	0.852833	0.852833
1.586000	0.853782	0.853782
1.588000	0.854098	0.854098
1.590000	0.851885	0.851885
1.592000	0.854098	0.854098
1.594000	0.852201	0.852201
1.596000	0.852833	0.852833
1.598000	0.854414	0.854414
1.600000	0.851569	0.851569
1.602000	0.855046	0.855046
1.604000	0.852201	0.852201
1.606000	0.853782	0.853782
1.608000	0.852201	0.852201
1.610000	0.852201	0.852201
1.612000	0.852833	0.852833
1.614000	0.852833	0.852833
1.616000	0.853465	0.853465
1.618000	0.852833	0.852833
1.620000	0.851885	0.851885
1.622000	0.853149	0.853149
1.624000	0.851569	0.851569
1.626000	0.852201	0.852201
1.628000	0.852517	0.852517
1.630000	0.853465	0.853465
1.632000	0.853465	0.853465
1.634000	0.854098	0.854098
1.636000	0.854414	0.854414
1.638000	0.852833	0.852833
1.640000	0.852517	0.852517
1.642000	0.852201	0.852201
1.644000	0.854414	0.854414
1.646000	0.852833	0.852833
1.648000	0.854730	0.854730
1.650000	0.852833	0.852833
1.652000	0.852517	0.852517
1.654000	0.853149	0.853149
1.656000	0.853465	0.853465
1.658000	0.854098	0.854098
1.660000	0.853149	0.853149
1.662000	0.853782	0.853782
1.664000	0.853465	0.853465
1.666000	0.852833	0.852833
1.668000	0.851569	0.851569
1.670000	0.852833	0.852833
1.672000	0.853782	0.853782
1.674000	0.853465	0.853465
1.676000	0.854414	0.854414
1.678000	0.853465	0.853465
1.680000	0.853782	0.853782
1.682000	0.853149	0.853149
1.684000	0.852201	0.852201
1.686000	0.853465	0.853465
1.688000	0.853149	0.853149
1.690000	0.850937	0.850937
1.692000	0.852833	0.852833
1.694000	0.852517	0.852517
1.696000	0.854098	0.854098
1.698000	0.853149	0.853149
1.700000	0.853149	0.853149
1.702000	0.852833	0.852833
1.704000	0.854098	0.854098
1.706000	0.854730	0.854730
1.708000	0.853149	0.853149
1.710000	0.852201	0.852201
1.712000	0.852833	0.852833
1.714000	0.852833	0.852833
1.716000	0.852517	0.852517
1.718000	0.854098	0.854098
1.720000	0.851885	0.851885
1.722000	0.854098	0.854098
1.724000	0.851253	0.851253
1.726000	0.852201	0.852201
1.728000	0.852201	0.852201
1.730000	0.852201	0.852201
1.732000	0.853782	0.853782
1.734000	0.852833	0.852833
1.736000	0.852201	0.852201
1.738000	0.852201	0.852201
1.740000	0.854414	0.854414
1.742000	0.852833	0.852833
1.744000	0.853782	0.853782
1.746000	0.853149	0.853149
1.748000	0.851885	0.851885
1.750000	0.852833	0.852833
1.752000	0.854098	0.854098
1.754000	0.853465	0.853465
1.756000	0.853465	0.853465
1.758000	0.851885	0.851885
1.760000	0.851885	0.851885
1.762000	0.852833	0.852833
1.764000	0.851885	0.851885
1.766000	0.853465	0.853465
1.768000	0.852201	0.852201
1.770000	0.852517	0.852517
1.772000	0.852517	0.852517
1.774000	0.852517	0.852517
1.776000	0.853782	0.853782
1.778000	0.853465	0.853465
1.780000	0.853149	0.853149
1.782000	0.851885	0.851885
1.784000	0.852517	0.852517
1.786000	0.852201	0.852201
1.788000	0.852833	0.852833
1.790000	0.852201	0.852201
1.792000	0.852201	0.852201
1.794000	0.852201	0.852201
1.796000	0.852201	0.852201
1.798000	0.851885	0.851885
1.800000	0.852833	0.852833
1.802000	0.853465	0.853465
1.804000	0.853465	0.853465
1.806000	0.853465	0.853465
1.808000	0.853465	0.853465
1.810000	0.853782	0.853782
1.812000	0.852201	0.852201
1.814000	0.853465	0.853465
1.816000	0.853782	0.853782
1.818000	0.853149	0.853149
1.820000	0.853465	0.853465
1.822000	0.854098	0.854098
1.824000	0.853782	0.853782
1.826000	0.853782	0.853782
1.828000	0.852833	0.852833
1.830000	0.852201	0.852201
1.832000	0.854098	0.854098
1.834000	0.853149	0.853149
1.836000	0.852833	0.852833
1.838000	0.853465	0.853465
1.840000	0.852517	0.852517
1.842000	0.853465	0.853465
1.844000	0.852833	0.852833
1.846000	0.852833	0.852833
1.848000	0.852833	0.852833
1.850000	0.854098	0.854098
1.852000	0.853782	0.853782
1.854000	0.852201	0.852201
1.856000	0.854098	0.854098
1.858000	0.852833	0.852833
1.860000	0.852833	0.852833
1.862000	0.852201	0.852201
1.864000	0.851885	0.851885
1.866000	0.852833	0.852833
1.868000	0.852833	0.852833
1.870000	0.851885	0.851885
1.872000	0.853149	0.853149
1.874000	0.851253	0.851253
1.876000	0.852517	0.852517
1.878000	0.852201	0.852201
1.880000	0.851569	0.851569
1.882000	0.853782	0.853782
1.884000	0.852201	0.852201
1.886000	0.853782	0.853782
1.888000	0.854098	0.854098
1.890000	0.853465	0.853465
1.892000	0.853782	0.853782
1.894000	0.852517	0.852517
1.896000	0.853465	0.853465
1.898000	0.851569	0.851569
1.900000	0.852517	0.852517
1.902000	0.852833	0.852833
1.904000	0.852833	0.852833
1.906000	0.851569	0.851569
1.908000	0.854098	0.854098
1.910000	0.852517	0.852517
1.912000	0.851253	0.851253
1.914000	0.853149	0.853149
1.916000	0.853465	0.853465
1.918000	0.852833	0.852833
1.920000	0.853149	0.853149
1.922000	0.854098	0.854098
1.924000	0.851885	0.851885
1.926000	0.851253	0.851253
1.928000	0.852201	0.852201
1.930000	0.851885	0.851885
1.932000	0.852517	0.852517
1.934000	0.851885	0.851885
1.936000	0.853149	0.853149
1.938000	0.852833	0.852833
1.940000	0.853782	0.853782
1.942000	0.852201	0.852201
1.944000	0.852201	0.852201
1.946000	0.854414	0.854414
1.948000	0.853465	0.853465
1.950000	0.852201	0.852201
1.952000	0.852517	0.852517
1.954000	0.853782	0.853782
1.956000	0.854098	0.854098
1.958000	0.853465	0.853465
1.960000	0.852833	0.852833
1.962000	0.852517	0.852517
1.964000	0.852517	0.852517
1.966000	0.852833	0.852833
1.968000	0.849989	0.849989
1.970000	0.853465	0.853465
1.972000	0.854098	0.854098
1.974000	0.853149	0.853149
1.976000	0.852201	0.852201
1.978000	0.852517	0.852517
1.980000	0.854098	0.854098
1.982000	0.853149	0.853149
1.984000	0.853465	0.853465
1.986000	0.853465	0.853465
1.988000	0.852517	0.852517
1.990000	0.851569	0.851569
1.992000	0.852517	0.852517
1.994000	0.852833	0.852833
1.996000	0.853782	0.853782
1.998000	0.854098	0.854098
2.000000	0.851885	0.851885
2.002000	0.853465	0.853465
2.004000	0.853149	0.853149
2.006000	0.853465	0.853465
2.008000	0.853782	0.853782
2.010000	0.853465	0.853465
2.012000	0.853465	0.853465
2.014000	0.854730	0.854730
2.016000	0.853782	0.853782
2.018000	0.853782	0.853782
2.020000	0.853149	0.853149
2.022000	0.852833	0.852833
2.024000	0.854098	0.854098
2.026000	0.853149	0.853149
2.028000	0.852833	0.852833
2.030000	0.853465	0.853465
2.032000	0.853782	0.853782
2.034000	0.853782	0.853782
2.036000	0.852833	0.852833
2.038000	0.852201	0.852201
2.040000	0.851885	0.851885
2.042000	0.852517	0.852517
2.044000	0.852833	0.852833
2.046000	0.853782	0.853782
2.048000	0.853782	0.853782
2.050000	0.852517	0.852517
2.052000	0.852517	0.852517
2.054000	0.852517	0.852517
2.056000	0.852201	0.852201
2.058000	0.852517	0.852517
2.060000	0.854098	0.854098
2.062000	0.852833	0.852833
2.064000	0.853149	0.853149
2.066000	0.852201	0.852201
2.068000	0.853782	0.853782
2.070000	0.851885	0.851885
2.072000	0.852833	0.852833
2.074000	0.853465	0.853465
2.076000	0.852833	0.852833
2.078000	0.852201	0.852201
2.080000	0.853782	0.853782
2.082000	0.851885	0.851885
2.084000	0.852201	0.852201
2.086000	0.853465	0.853465
2.088000	0.851569	0.851569
2.090000	0.853465	0.853465
2.092000	0.853149	0.853149
2.094000	0.852201	0.852201
2.096000	0.853149	0.853149
2.098000	0.851253	0.851253
2.100000	0.852833	0.852833
2.102000	0.852201	0.852201
2.104000	0.853465	0.853465
2.106000	0.851253	0.851253
2.108000	0.850937	0.850937
2.110000	0.853782	0.853782
2.112000	0.851569	0.851569
2.114000	0.853782	0.853782
2.116000	0.850937	0.850937
2.118000	0.852201	0.852201
2.120000	0.853149	0.853149
2.122000	0.851885	0.851885
2.124000	0.853782	0.853782
2.126000	0.852517	0.852517
2.128000	0.852833	0.852833
2.130000	0.850937	0.850937
2.132000	0.853465	0.853465
2.134000	0.852833	0.852833
2.136000	0.852833	0.852833
2.138000	0.852833	0.852833
2.140000	0.854098	0.854098
2.142000	0.853465	0.853465
2.144000	0.852833	0.852833
2.146000	0.853149	0.853149
2.148000	0.853465	0.853465
2.150000	0.853782	0.853782
2.152000	0.852833	0.852833
2.154000	0.852201	0.852201
2.156000	0.853149	0.853149
2.158000	0.851885	0.851885
2.160000	0.852517	0.852517
2.162000	0.854730	0.854730
2.164000	0.853782	0.853782
2.166000	0.853782	0.853782
2.168000	0.854098	0.854098
2.170000	0.853465	0.853465
2.172000	0.852833	0.852833
2.174000	0.853149	0.853149
2.176000	0.854098	0.854098
2.178000	0.853782	0.853782
2.180000	0.852833	0.852833
2.182000	0.852517	0.852517
2.184000	0.853149	0.853149
2.186000	0.853149	0.853149
2.188000	0.852517	0.852517
2.190000	0.853149	0.853149
2.192000	0.851253	0.851253
2.194000	0.854098	0.854098
2.196000	0.852201	0.852201
2.198000	0.852201	0.852201
2.200000	0.853465	0.853465
2.202000	0.852517	0.852517
2.204000	0.853149	0.853149
2.206000	0.854730	0.854730
2.208000	0.853782	0.853782
2.210000	0.855678	0.855678
2.212000	0.853149	0.853149
2.214000	0.853149	0.853149
2.216000	0.851569	0.851569
2.218000	0.852201	0.852201
2.220000	0.853149	0.853149
2.222000	0.852201	0.852201
2.224000	0.854414	0.854414
2.226000	0.851885	0.851885
2.228000	0.852517	0.852517
2.230000	0.852833	0.852833
2.232000	0.851253	0.851253
2.234000	0.853465	0.853465
2.236000	0.853782	0.853782
2.238000	0.850937	0.850937
2.240000	0.852517	0.852517
2.242000	0.853465	0.853465
2.244000	0.853465	0.853465
2.246000	0.852833	0.852833
2.248000	0.853465	0.853465
2.250000	0.852201	0.852201
2.252000	0.853465	0.853465
2.254000	0.852833	0.852833
2.256000	0.854098	0.854098
2.258000	0.852517	0.852517
2.260000	0.852201	0.852201
2.262000	0.852833	0.852833
2.264000	0.852833	0.852833
2.266000	0.853782	0.853782
2.268000	0.854098	0.854098
2.270000	0.852517	0.852517
2.272000	0.852833	0.852833
2.274000	0.853782	0.853782
2.276000	0.853149	0.853149
2.278000	0.852201	0.852201
2.280000	0.853465	0.853465
2.282000	0.852833	0.852833
2.284000	0.855678	0.855678
2.286000	0.852833	0.852833
2.288000	0.852201	0.852201
2.290000	0.852517	0.852517
2.292000	0.853465	0.853465
2.294000	0.853465	0.853465
2.296000	0.853149	0.853149
2.298000	0.853465	0.853465
2.300000	0.853465	0.853465
2.302000	0.854098	0.854098
2.304000	0.852833	0.852833
2.306000	0.854098	0.854098
2.308000	0.852833	0.852833
2.310000	0.851885	0.851885
2.312000	0.852517	0.852517
2.314000	0.853782	0.853782
2.316000	0.852201	0.852201
2.318000	0.853782	0.853782
2.320000	0.851885	0.851885
2.322000	0.854414	0.854414
2.324000	0.854098	0.854098
2.326000	0.851885	0.851885
2.328000	0.852201	0.852201
2.330000	0.853465	0.853465
2.332000	0.853149	0.853149
2.334000	0.853465	0.853465
2.336000	0.854098	0.854098
2.338000	0.853465	0.853465
2.340000	0.852517	0.852517
2.342000	0.854414	0.854414
2.344000	0.852201	0.852201
2.346000	0.853782	0.853782
2.348000	0.853782	0.853782
2.350000	0.852833	0.852833
2.352000	0.852201	0.852201
2.354000	0.854730	0.854730
2.356000	0.852833	0.852833
2.358000	0.852517	0.852517
2.360000	0.852201	0.852201
2.362000	0.852833	0.852833
2.364000	0.852833	0.852833
2.366000	0.851569	0.851569
2.368000	0.854730	0.854730
2.370000	0.854098	0.854098
2.372000	0.852201	0.852201
2.374000	0.851569	0.851569
2.376000	0.852201	0.852201
2.378000	0.853782	0.853782
2.380000	0.853149	0.853149
2.382000	0.852201	0.852201
2.384000	0.853149	0.853149
2.386000	0.852517	0.852517
2.388000	0.854414	0.854414
2.390000	0.853782	0.853782
2.392000	0.855046	0.855046
2.394000	0.853465	0.853465
2.396000	0.855046	0.855046
2.398000	0.851885	0.851885
2.400000	0.853782	0.853782
2.402000	0.852201	0.852201
2.404000	0.853465	0.853465
2.406000	0.851569	0.851569
2.408000	0.853465	0.853465
2.410000	0.852201	0.852201
2.412000	0.853782	0.853782
2.414000	0.854098	0.854098
2.416000	0.853465	0.853465
2.418000	0.853465	0.853465
2.420000	0.853149	0.853149
2.422000	0.852833	0.852833
2.424000	0.853465	0.853465
2.426000	0.854098	0.854098
2.428000	0.853465	0.853465
2.430000	0.854098	0.854098
2.432000	0.855046	0.855046
2.434000	0.855046	0.855046
2.436000	0.852517	0.852517
2.438000	0.852201	0.852201
2.440000	0.853149	0.853149
2.442000	0.852201	0.852201
2.444000	0.850937	0.850937
2.446000	0.853465	0.853465
2.448000	0.853465	0.853465
2.450000	0.854730	0.854730
2.452000	0.853149	0.853149
2.454000	0.853782	0.853782
2.456000	0.852201	0.852201
2.458000	0.853465	0.853465
2.460000	0.852517	0.852517
2.462000	0.852201	0.852201
2.464000	0.852833	0.852833
2.466000	0.852833	0.852833
2.468000	0.853149	0.853149
2.470000	0.851885	0.851885
2.472000	0.853465	0.853465
2.474000	0.854098	0.854098
2.476000	0.852833	0.852833
2.478000	0.851569	0.851569
2.480000	0.852517	0.852517
2.482000	0.854414	0.854414
2.484000	0.852833	0.852833
2.486000	0.852201	0.852201
2.488000	0.853782	0.853782
2.490000	0.853149	0.853149
2.492000	0.853149	0.853149
2.494000	0.852201	0.852201
2.496000	0.852833	0.852833
2.498000	0.853465	0.853465
2.500000	0.852517	0.852517
2.502000	0.852833	0.852833
2.504000	0.852833	0.852833
2.506000	0.851885	0.851885
2.508000	0.851253	0.851253
2.510000	0.853149	0.853149
2.512000	0.853465	0.853465
2.514000	0.855046	0.855046
2.516000	0.853465	0.853465
2.518000	0.851885	0.851885
2.520000	0.853149	0.853149
2.522000	0.852517	0.852517
2.524000	0.852833	0.852833
2.526000	0.852201	0.852201
2.528000	0.851885	0.851885
2.530000	0.852201	0.852201
2.532000	0.853465	0.853465
2.534000	0.852517	0.852517
2.536000	0.853465	0.853465
2.538000	0.853149	0.853149
2.540000	0.852201	0.852201
2.542000	0.853149	0.853149
2.544000	0.853149	0.853149
2.546000	0.852201	0.852201
2.548000	0.853149	0.853149
2.550000	0.853465	0.853465
2.552000	0.852517	0.852517
2.554000	0.853465	0.853465
2.556000	0.853149	0.853149
2.558000	0.850937	0.850937
2.560000	0.853149	0.853149
2.562000	0.854414	0.854414
2.564000	0.851569	0.851569
2.566000	0.852833	0.852833
2.568000	0.853782	0.853782
2.570000	0.854098	0.854098
2.572000	0.853782	0.853782
2.574000	0.851569	0.851569
2.576000	0.853149	0.853149
2.578000	0.851885	0.851885
2.580000	0.852201	0.852201
2.582000	0.853149	0.853149
2.584000	0.854098	0.854098
2.586000	0.853782	0.853782
2.588000	0.853782	0.853782
2.590000	0.853149	0.853149
2.592000	0.853465	0.853465
2.594000	0.852833	0.852833
2.596000	0.852833	0.852833
2.598000	0.851885	0.851885
2.600000	0.852517	0.852517
2.602000	0.854098	0.854098
2.604000	0.852201	0.852201
2.606000	0.852833	0.852833
2.608000	0.854414	0.854414
2.610000	0.852201	0.852201
2.612000	0.851569	0.851569
2.614000	0.852517	0.852517
2.616000	0.853782	0.853782
2.618000	0.852517	0.852517
2.620000	0.852201	0.852201
2.622000	0.853782	0.853782
2.624000	0.854098	0.854098
2.626000	0.852517	0.852517
2.628000	0.852833	0.852833
2.630000	0.852201	0.852201
2.632000	0.852517	0.852517
2.634000	0.850621	0.850621
2.636000	0.853149	0.853149
2.638000	0.853782	0.853782
2.640000	0.854730	0.854730
2.642000	0.853149	0.853149
2.644000	0.853149	0.853149
2.646000	0.853782	0.853782
2.648000	0.853465	0.853465
2.650000	0.852517	0.852517
2.652000	0.852833	0.852833
2.654000	0.851885	0.851885
2.656000	0.853782	0.853782
2.658000	0.853149	0.853149
2.660000	0.853782	0.853782
2.662000	0.853465	0.853465
2.664000	0.852517	0.852517
2.666000	0.853149	0.853149
2.668000	0.851885	0.851885
2.670000	0.851569	0.851569
2.672000	0.853149	0.853149
2.674000	0.852517	0.852517
2.676000	0.852201	0.852201
2.678000	0.851885	0.851885
2.680000	0.853149	0.853149
2.682000	0.853149	0.853149
2.684000	0.853465	0.853465
2.686000	0.852201	0.852201
2.688000	0.854098	0.854098
2.690000	0.852201	0.852201
2.692000	0.852201	0.852201
2.694000	0.852833	0.852833
2.696000	0.851253	0.851253
2.698000	0.852201	0.852201
2.700000	0.853782	0.853782
2.702000	0.853465	0.853465
2.704000	0.852201	0.852201
2.706000	0.852201	0.852201
2.708000	0.854730	0.854730
2.710000	0.853149	0.853149
2.712000	0.852517	0.852517
2.714000	0.852517	0.852517
2.716000	0.852201	0.852201
2.718000	0.853149	0.853149
2.720000	0.853465	0.853465
2.722000	0.854098	0.854098
2.724000	0.852201	0.852201
2.726000	0.853149	0.853149
2.728000	0.852833	0.852833
2.730000	0.853782	0.853782
2.732000	0.853465	0.853465
2.734000	0.852833	0.852833
2.736000	0.852201	0.852201
2.738000	0.853465	0.853465
2.740000	0.852517	0.852517
2.742000	0.853149	0.853149
2.744000	0.853465	0.853465
2.746000	0.852833	0.852833
2.748000	0.853149	0.853149
2.750000	0.854414	0.854414
2.752000	0.853465	0.853465
2.754000	0.853465	0.853465
2.756000	0.852201	0.852201
2.758000	0.852833	0.852833
2.760000	0.852833	0.852833
2.762000	0.854730	0.854730
2.764000	0.852517	0.852517
2.766000	0.853782	0.853782
2.768000	0.852833	0.852833
2.770000	0.852517	0.852517
2.772000	0.853465	0.853465
2.774000	0.853149	0.853149
2.776000	0.852833	0.852833
2.778000	0.853465	0.853465
2.780000	0.852201	0.852201
2.782000	0.852833	0.852833
2.784000	0.853465	0.853465
2.786000	0.853782	0.853782
2.788000	0.852517	0.852517
2.790000	0.853465	0.853465
2.792000	0.853149	0.853149
2.794000	0.851253	0.851253
2.796000	0.852201	0.852201
2.798000	0.854098	0.854098
2.800000	0.854414	0.854414
2.802000	0.852517	0.852517
2.804000	0.853149	0.853149
2.806000	0.852517	0.852517
2.808000	0.853465	0.853465
2.810000	0.853149	0.853149
2.812000	0.853465	0.853465
2.814000	0.855678	0.855678
2.816000	0.852201	0.852201
2.818000	0.853149	0.853149
2.820000	0.852833	0.852833
2.822000	0.855046	0.855046
2.824000	0.854098	0.854098
2.826000	0.853465	0.853465
2.828000	0.852201	0.852201
2.830000	0.851253	0.851253
2.832000	0.852517	0.852517
2.834000	0.852201	0.852201
2.836000	0.854098	0.854098
2.838000	0.853782	0.853782
2.840000	0.851569	0.851569
2.842000	0.853782	0.853782
2.844000	0.851569	0.851569
2.846000	0.852833	0.852833
2.848000	0.853465	0.853465
2.850000	0.853782	0.853782
2.852000	0.855678	0.855678
2.854000	0.852201	0.852201
2.856000	0.852833	0.852833
2.858000	0.853465	0.853465
2.860000	0.853149	0.853149
2.862000	0.852833	0.852833
2.864000	0.854098	0.854098
2.866000	0.853782	0.853782
2.868000	0.852517	0.852517
2.870000	0.852517	0.852517
2.872000	0.853782	0.853782
2.874000	0.853465	0.853465
2.876000	0.854730	0.854730
2.878000	0.852833	0.852833
2.880000	0.853465	0.853465
2.882000	0.854098	0.854098
2.884000	0.853465	0.853465
2.886000	0.853782	0.853782
2.888000	0.852833	0.852833
2.890000	0.852833	0.852833
2.892000	0.852201	0.852201
2.894000	0.853782	0.853782
2.896000	0.852833	0.852833
2.898000	0.854098	0.854098
2.900000	0.854414	0.854414
2.902000	0.853465	0.853465
2.904000	0.853149	0.853149
2.906000	0.852201	0.852201
2.908000	0.854730	0.854730
2.910000	0.853149	0.853149
2.912000	0.852201	0.852201
2.914000	0.854730	0.854730
2.916000	0.853149	0.853149
2.918000	0.852201	0.852201
2.920000	0.853465	0.853465
2.922000	0.852201	0.852201
2.924000	0.853782	0.853782
2.926000	0.853782	0.853782
2.928000	0.852517	0.852517
2.930000	0.853149	0.853149
2.932000	0.852517	0.852517
2.934000	0.853782	0.853782
2.936000	0.854414	0.854414
2.938000	0.853465	0.853465
2.940000	0.852201	0.852201
2.942000	0.853149	0.853149
2.944000	0.852517	0.852517
2.946000	0.853465	0.853465
2.948000	0.853465	0.853465
2.950000	0.854414	0.854414
2.952000	0.852201	0.852201
2.954000	0.851569	0.851569
2.956000	0.853465	0.853465
2.958000	0.853782	0.853782
2.960000	0.851569	0.851569
2.962000	0.851569	0.851569
2.964000	0.851569	0.851569
2.966000	0.853149	0.853149
2.968000	0.853465	0.853465
2.970000	0.852833	0.852833
2.972000	0.853465	0.853465
2.974000	0.851885	0.851885
2.976000	0.853782	0.853782
2.978000	0.853149	0.853149
2.980000	0.853465	0.853465
2.982000	0.851569	0.851569
2.984000	0.852833	0.852833
2.986000	0.853782	0.853782
2.988000	0.854098	0.854098
2.990000	0.853782	0.853782
2.992000	0.852833	0.852833
2.994000	0.854098	0.854098
2.996000	0.852833	0.852833
2.998000	0.852833	0.852833
3.000000	0.854414	0.854414
3.002000	0.854730	0.854730
3.004000	0.852833	0.852833
3.006000	0.853465	0.853465
3.008000	0.854098	0.854098
3.010000	0.852201	0.852201
3.012000	0.853465	0.853465
3.014000	0.853465	0.853465
3.016000	0.852201	0.852201
3.018000	0.853782	0.853782
3.020000	0.854730	0.854730
3.022000	0.854730	0.854730
3.024000	0.852833	0.852833
3.026000	0.853782	0.853782
3.028000	0.854098	0.854098
3.030000	0.852517	0.852517
3.032000	0.852517	0.852517
3.034000	0.853149	0.853149
3.036000	0.853782	0.853782
3.038000	0.852517	0.852517
3.040000	0.853782	0.853782
3.042000	0.853782	0.853782
3.044000	0.852517	0.852517
3.046000	0.852833	0.852833
3.048000	0.851253	0.851253
3.050000	0.851885	0.851885
3.052000	0.853149	0.853149
3.054000	0.852201	0.852201
3.056000	0.853149	0.853149
3.058000	0.853149	0.853149
3.060000	0.852201	0.852201
3.062000	0.853149	0.853149
3.064000	0.853149	0.853149
3.066000	0.852833	0.852833
3.068000	0.852833	0.852833
3.070000	0.851569	0.851569
3.072000	0.851885	0.851885
3.074000	0.851885	0.851885
3.076000	0.852833	0.852833
3.078000	0.852833	0.852833
3.080000	0.851885	0.851885
3.082000	0.852517	0.852517
3.084000	0.851885	0.851885
3.086000	0.853465	0.853465
3.088000	0.854098	0.854098
3.090000	0.852833	0.852833
3.092000	0.852201	0.852201
3.094000	0.853782	0.853782
3.096000	0.853465	0.853465
3.098000	0.851885	0.851885
3.100000	0.853465	0.853465
3.102000	0.854414	0.854414
3.104000	0.852517	0.852517
3.106000	0.851253	0.851253
3.108000	0.852517	0.852517
3.110000	0.854098	0.854098
3.112000	0.853149	0.853149
3.114000	0.853465	0.853465
3.116000	0.853149	0.853149
3.118000	0.851885	0.851885
3.120000	0.853465	0.853465
3.122000	0.853149	0.853149
3.124000	0.852517	0.852517
3.126000	0.851569	0.851569
3.128000	0.853149	0.853149
3.130000	0.853465	0.853465
3.132000	0.851885	0.851885
3.134000	0.853465	0.853465
3.136000	0.854098	0.854098
3.138000	0.853149	0.853149
3.140000	0.851253	0.851253
3.142000	0.853782	0.853782
3.144000	0.854730	0.854730
3.146000	0.853149	0.853149
3.148000	0.853782	0.853782
3.150000	0.851885	0.851885
3.152000	0.853149	0.853149
3.154000	0.853465	0.853465
3.156000	0.853149	0.853149
3.158000	0.853149	0.853149
3.160000	0.854730	0.854730
3.162000	0.852517	0.852517
3.164000	0.853149	0.853149
3.166000	0.852517	0.852517
3.168000	0.852833	0.852833
3.170000	0.853149	0.853149
3.172000	0.853149	0.853149
3.174000	0.853782	0.853782
3.176000	0.853149	0.853149
3.178000	0.852201	0.852201
3.180000	0.852833	0.852833
3.182000	0.851885	0.851885
3.184000	0.853465	0.853465
3.186000	0.852201	0.852201
3.188000	0.853465	0.853465
3.190000	0.853465	0.853465
3.192000	0.852517	0.852517
3.194000	0.852517	0.852517
3.196000	0.852201	0.852201
3.198000	0.853782	0.853782
3.200000	0.853782	0.853782
3.202000	0.852201	0.852201
3.204000	0.853149	0.853149
3.206000	0.853465	0.853465
3.208000	0.853149	0.853149
3.210000	0.853782	0.853782
3.212000	0.852201	0.852201
3.214000	0.852201	0.852201
3.216000	0.851253	0.851253
3.218000	0.853465	0.853465
3.220000	0.853782	0.853782
3.222000	0.853149	0.853149
3.224000	0.852201	0.852201
3.226000	0.853465	0.853465
3.228000	0.852833	0.852833
3.230000	0.852201	0.852201
3.232000	0.852833	0.852833
3.234000	0.852833	0.852833
3.236000	0.851885	0.851885
3.238000	0.852201	0.852201
3.240000	0.852833	0.852833
3.242000	0.853465	0.853465
3.244000	0.852201	0.852201
3.246000	0.851885	0.851885
3.248000	0.852201	0.852201
3.250000	0.852201	0.852201
3.252000	0.854098	0.854098
3.254000	0.853782	0.853782
3.256000	0.852201	0.852201
3.258000	0.854098	0.854098
3.260000	0.853782	0.853782
3.262000	0.853465	0.853465
3.264000	0.852517	0.852517
3.266000	0.852201	0.852201
3.268000	0.854098	0.854098
3.270000	0.852517	0.852517
3.272000	0.854414	0.854414
3.274000	0.852201	0.852201
3.276000	0.853465	0.853465
3.278000	0.852201	0.852201
3.280000	0.853149	0.853149
3.282000	0.852833	0.852833
3.284000	0.852201	0.852201
3.286000	0.852201	0.852201
3.288000	0.852833	0.852833
3.290000	0.851253	0.851253
3.292000	0.853149	0.853149
3.294000	0.852833	0.852833
3.296000	0.852201	0.852201
3.298000	0.854098	0.854098
3.300000	0.853465	0.853465
3.302000	0.853465	0.853465
3.304000	0.854098	0.854098
3.306000	0.852517	0.852517
3.308000	0.853465	0.853465
3.310000	0.852201	0.852201
3.312000	0.853149	0.853149
3.314000	0.853465	0.853465
3.316000	0.853465	0.853465
3.318000	0.853149	0.853149
3.320000	0.850937	0.850937
3.322000	0.852517	0.852517
3.324000	0.853149	0.853149
3.326000	0.852833	0.852833
3.328000	0.852833	0.852833
3.330000	0.852201	0.852201
3.332000	0.852201	0.852201
3.334000	0.853149	0.853149
3.336000	0.853465	0.853465
3.338000	0.853149	0.853149
3.340000	0.850937	0.850937
3.342000	0.851569	0.851569
3.344000	0.854730	0.854730
3.346000	0.853149	0.853149
3.348000	0.853149	0.853149
3.350000	0.853149	0.853149
3.352000	0.854098	0.854098
3.354000	0.852833	0.852833
3.356000	0.854098	0.854098
3.358000	0.851885	0.851885
3.360000	0.854098	0.854098
3.362000	0.853149	0.853149
3.364000	0.853465	0.853465
3.366000	0.851885	0.851885
3.368000	0.852201	0.852201
3.370000	0.853782	0.853782
3.372000	0.854414	0.854414
3.374000	0.854098	0.854098
3.376000	0.853465	0.853465
3.378000	0.853465	0.853465
3.380000	0.851569	0.851569
3.382000	0.853465	0.853465
3.384000	0.853149	0.853149
3.386000	0.852833	0.852833
3.388000	0.852833	0.852833
3.390000	0.852833	0.852833
3.392000	0.853782	0.853782
3.394000	0.853465	0.853465
3.396000	0.851253	0.851253
3.398000	0.853782	0.853782
3.400000	0.851253	0.851253
3.402000	0.852201	0.852201
3.404000	0.852833	0.852833
3.406000	0.853465	0.853465
3.408000	0.853782	0.853782
3.410000	0.852201	0.852201
3.412000	0.853149	0.853149
3.414000	0.852201	0.852201
3.416000	0.853465	0.853465
3.418000	0.852201	0.852201
3.420000	0.852833	0.852833
3.422000	0.853465	0.853465
3.424000	0.853149	0.853149
3.426000	0.853149	0.853149
3.428000	0.854098	0.854098
3.430000	0.852201	0.852201
3.432000	0.852201	0.852201
3.434000	0.852201	0.852201
3.436000	0.853149	0.853149
3.438000	0.852517	0.852517
3.440000	0.852201	0.852201
3.442000	0.854098	0.854098
3.444000	0.852833	0.852833
3.446000	0.851569	0.851569
3.448000	0.852833	0.852833
3.450000	0.854098	0.854098
3.452000	0.852833	0.852833
3.454000	0.851253	0.851253
3.456000	0.854730	0.854730
3.458000	0.853465	0.853465
3.460000	0.853465	0.853465
3.462000	0.854414	0.854414
3.464000	0.853782	0.853782
3.466000	0.854098	0.854098
3.468000	0.853149	0.853149
3.470000	0.853782	0.853782
3.472000	0.853149	0.853149
3.474000	0.852517	0.852517
3.476000	0.853782	0.853782
3.478000	0.854098	0.854098
3.480000	0.851885	0.851885
3.482000	0.853149	0.853149
3.484000	0.852517	0.852517
3.486000	0.852517	0.852517
3.488000	0.851885	0.851885
3.490000	0.852833	0.852833
3.492000	0.853465	0.853465
3.494000	0.852833	0.852833
3.496000	0.854098	0.854098
3.498000	0.852201	0.852201
3.500000	0.854414	0.854414
3.502000	0.852517	0.852517
3.504000	0.852201	0.852201
3.506000	0.852201	0.852201
3.508000	0.852201	0.852201
3.510000	0.854098	0.854098
3.512000	0.852201	0.852201
3.514000	0.851885	0.851885
3.516000	0.854098	0.854098
3.518000	0.852833	0.852833
3.520000	0.854098	0.854098
3.522000	0.853465	0.853465
3.524000	0.854730	0.854730
3.526000	0.852833	0.852833
3.528000	0.853465	0.853465
3.530000	0.854098	0.854098
3.532000	0.853465	0.853465
3.534000	0.854730	0.854730
3.536000	0.852833	0.852833
3.538000	0.852833	0.852833
3.540000	0.854414	0.854414
3.542000	0.853149	0.853149
3.544000	0.852517	0.852517
3.546000	0.851569	0.851569
3.548000	0.852201	0.852201
3.550000	0.851885	0.851885
3.552000	0.852201	0.852201
3.554000	0.853465	0.853465
3.556000	0.853465	0.853465
3.558000	0.853465	0.853465
3.560000	0.852833	0.852833
3.562000	0.852201	0.852201
3.564000	0.851885	0.851885
3.566000	0.853465	0.853465
3.568000	0.853465	0.853465
3.570000	0.850937	0.850937
3.572000	0.852517	0.852517
3.574000	0.852201	0.852201
3.576000	0.853149	0.853149
3.578000	0.851885	0.851885
3.580000	0.853465	0.853465
3.582000	0.852833	0.852833
3.584000	0.852833	0.852833
3.586000	0.852201	0.852201
3.588000	0.853149	0.853149
3.590000	0.852833	0.852833
3.592000	0.852517	0.852517
3.594000	0.854098	0.854098
3.596000	0.852517	0.852517
3.598000	0.853465	0.853465
3.600000	0.853465	0.853465
3.602000	0.852517	0.852517
3.604000	0.852833	0.852833
3.606000	0.854098	0.854098
3.608000	0.852201	0.852201
3.610000	0.851253	0.851253
3.612000	0.853465	0.853465
3.614000	0.852833	0.852833
3.616000	0.853149	0.853149
3.618000	0.853149	0.853149
3.620000	0.853465	0.853465
3.622000	0.854414	0.854414
3.624000	0.851253	0.851253
3.626000	0.853465	0.853465
3.628000	0.853782	0.853782
3.630000	0.850937	0.850937
3.632000	0.852833	0.852833
3.634000	0.852201	0.852201
3.636000	0.853465	0.853465
3.638000	0.852833	0.852833
3.640000	0.853465	0.853465
3.642000	0.853465	0.853465
3.644000	0.853149	0.853149
3.646000	0.853465	0.853465
3.648000	0.852201	0.852201
3.650000	0.852201	0.852201
3.652000	0.851885	0.851885
3.654000	0.853149	0.853149
3.656000	0.854414	0.854414
3.658000	0.851885	0.851885
3.660000	0.852833	0.852833
3.662000	0.852833	0.852833
3.664000	0.852517	0.852517
3.666000	0.854414	0.854414
3.668000	0.853149	0.853149
3.670000	0.854414	0.854414
3.672000	0.852517	0.852517
3.674000	0.852833	0.852833
3.676000	0.854730	0.854730
3.678000	0.853782	0.853782
3.680000	0.854098	0.854098
3.682000	0.853465	0.853465
3.684000	0.851885	0.851885
3.686000	0.851569	0.851569
3.688000	0.853465	0.853465
3.690000	0.854730	0.854730
3.692000	0.853149	0.853149
3.694000	0.853149	0.853149
3.696000	0.850937	0.850937
3.698000	0.852833	0.852833
3.700000	0.854414	0.854414
3.702000	0.854730	0.854730
3.704000	0.853782	0.853782
3.706000	0.853465	0.853465
3.708000	0.851253	0.851253
3.710000	0.854098	0.854098
3.712000	0.852833	0.852833
3.714000	0.854414	0.854414
3.716000	0.853465	0.853465
3.718000	0.852201	0.852201
3.720000	0.852517	0.852517
3.722000	0.852201	0.852201
3.724000	0.852833	0.852833
3.726000	0.852201	0.852201
3.728000	0.850937	0.850937
3.730000	0.854098	0.854098
3.732000	0.851885	0.851885
3.734000	0.852833	0.852833
3.736000	0.851885	0.851885
3.738000	0.853149	0.853149
3.740000	0.851569	0.851569
3.742000	0.852201	0.852201
3.744000	0.853149	0.853149
3.746000	0.853782	0.853782
3.748000	0.852201	0.852201
3.750000	0.853465	0.853465
3.752000	0.854730	0.854730
3.754000	0.852201	0.852201
3.756000	0.854098	0.854098
3.758000	0.851885	0.851885
3.760000	0.852833	0.852833
3.762000	0.852833	0.852833
3.764000	0.853465	0.853465
3.766000	0.852833	0.852833
3.768000	0.852517	0.852517
3.770000	0.854098	0.854098
3.772000	0.852201	0.852201
3.774000	0.853149	0.853149
3.776000	0.853782	0.853782
3.778000	0.851885	0.851885
3.780000	0.852833	0.852833
3.782000	0.852517	0.852517
3.784000	0.854098	0.854098
3.786000	0.853465	0.853465
3.788000	0.851569	0.851569
3.790000	0.853465	0.853465
3.792000	0.852201	0.852201
3.794000	0.851885	0.851885
3.796000	0.851569	0.851569
3.798000	0.852833	0.852833
3.800000	0.851569	0.851569
3.802000	0.853465	0.853465
3.804000	0.852201	0.852201
3.806000	0.852201	0.852201
3.808000	0.852201	0.852201
3.810000	0.851885	0.851885
3.812000	0.850937	0.850937
3.814000	0.851253	0.851253
3.816000	0.852833	0.852833
3.818000	0.846512	0.846512
3.820000	0.832289	0.832289
3.822000	0.832289	0.832289
3.824000	0.841771	0.841771
3.826000	0.844300	0.844300
3.828000	0.833553	0.833553
3.830000	0.827864	0.827864
3.832000	0.834502	0.834502
3.834000	0.843351	0.843351
3.836000	0.848092	0.848092
3.838000	0.843351	0.843351
3.840000	0.833237	0.833237
3.842000	0.828496	0.828496
3.844000	0.841455	0.841455
3.846000	0.849041	0.849041
3.848000	0.837662	0.837662
3.850000	0.826284	0.826284
3.852000	0.827864	0.827864
3.854000	0.839559	0.839559
3.856000	0.845248	0.845248
3.858000	0.839875	0.839875
3.860000	0.832289	0.832289
3.862000	0.829128	0.829128
3.864000	0.838294	0.838294
3.866000	0.846512	0.846512
3.868000	0.848724	0.848724
3.870000	0.843035	0.843035
3.872000	0.837346	0.837346
3.874000	0.837662	0.837662
3.876000	0.848724	0.848724
3.878000	0.854098	0.854098
3.880000	0.849357	0.849357
3.882000	0.840507	0.840507
3.884000	0.839875	0.839875
3.886000	0.846828	0.846828
3.888000	0.852833	0.852833
3.890000	0.852201	0.852201
3.892000	0.843351	0.843351
3.894000	0.840823	0.840823
3.896000	0.843351	0.843351
3.898000	0.849989	0.849989
3.900000	0.852833	0.852833
3.902000	0.846828	0.846828
3.904000	0.842087	0.842087
3.906000	0.841455	0.841455
3.908000	0.848408	0.848408
3.910000	0.850937	0.850937
3.912000	0.851253	0.851253
3.914000	0.845880	0.845880
3.916000	0.842087	0.842087
3.918000	0.845880	0.845880
3.920000	0.851253	0.851253
3.922000	0.851885	0.851885
3.924000	0.848408	0.848408
3.926000	0.844616	0.844616
3.928000	0.844932	0.844932
3.930000	0.847460	0.847460
3.932000	0.852201	0.852201
3.934000	0.852517	0.852517
3.936000	0.848092	0.848092
3.938000	0.847144	0.847144
3.940000	0.849989	0.849989
3.942000	0.856626	0.856626
3.944000	0.854098	0.854098
3.946000	0.853149	0.853149
3.948000	0.847144	0.847144
3.950000	0.849041	0.849041
3.952000	0.853782	0.853782
3.954000	0.855678	0.855678
3.956000	0.852201	0.852201
3.958000	0.849673	0.849673
3.960000	0.846828	0.846828
3.962000	0.849673	0.849673
3.964000	0.853782	0.853782
3.966000	0.854730	0.854730
3.968000	0.849989	0.849989
3.970000	0.845880	0.845880
3.972000	0.847144	0.847144
3.974000	0.849673	0.849673
3.976000	0.851569	0.851569
3.978000	0.850305	0.850305
3.980000	0.845248	0.845248
3.982000	0.843035	0.843035
3.984000	0.846828	0.846828
3.986000	0.849989	0.849989
3.988000	0.849673	0.849673
3.990000	0.846196	0.846196
3.992000	0.844932	0.844932
3.994000	0.845248	0.845248
3.996000	0.849673	0.849673
3.998000	0.851253	0.851253
4.000000	0.848408	0.848408
4.002000	0.847460	0.847460
4.004000	0.849041	0.849041
4.006000	0.852833	0.852833
4.008000	0.855046	0.855046
4.010000	0.851569	0.851569
4.012000	0.848408	0.848408
4.014000	0.849041	0.849041
4.016000	0.850305	0.850305
4.018000	0.853149	0.853149
4.020000	0.853782	0.853782
4.022000	0.850937	0.850937
4.024000	0.848092	0.848092
4.026000	0.847144	0.847144
4.028000	0.851253	0.851253
4.030000	0.853465	0.853465
4.032000	0.849357	0.849357
4.034000	0.846828	0.846828
4.036000	0.847460	0.847460
4.038000	0.847776	0.847776
4.040000	0.851253	0.851253
4.042000	0.850621	0.850621
4.044000	0.846828	0.846828
4.046000	0.845564	0.845564
4.048000	0.849041	0.849041
4.050000	0.850305	0.850305
4.052000	0.850621	0.850621
4.054000	0.850937	0.850937
4.056000	0.846828	0.846828
4.058000	0.847776	0.847776
4.060000	0.849673	0.849673
4.062000	0.850621	0.850621
4.064000	0.851253	0.851253
4.066000	0.849673	0.849673
4.068000	0.845880	0.845880
4.070000	0.848092	0.848092
4.072000	0.850305	0.850305
4.074000	0.850621	0.850621
4.076000	0.848724	0.848724
4.078000	0.848724	0.848724
4.080000	0.849357	0.849357
4.082000	0.852201	0.852201
4.084000	0.851569	0.851569
4.086000	0.849673	0.849673
4.088000	0.847144	0.847144
4.090000	0.847776	0.847776
4.092000	0.849357	0.849357
4.094000	0.849673	0.849673
4.096000	0.849041	0.849041
4.098000	0.849041	0.849041
4.100000	0.849041	0.849041
4.102000	0.848408	0.848408
4.104000	0.850305	0.850305
4.106000	0.849673	0.849673
4.108000	0.848092	0.848092
4.110000	0.847776	0.847776
4.112000	0.846512	0.846512
4.114000	0.849041	0.849041
4.116000	0.850305	0.850305
4.118000	0.849041	0.849041
4.120000	0.845880	0.845880
4.122000	0.848092	0.848092
4.124000	0.848092	0.848092
4.126000	0.850937	0.850937
4.128000	0.850305	0.850305
4.130000	0.847776	0.847776
4.132000	0.846512	0.846512
4.134000	0.848408	0.848408
4.136000	0.850937	0.850937
4.138000	0.849357	0.849357
4.140000	0.850305	0.850305
4.142000	0.848092	0.848092
4.144000	0.849357	0.849357
4.146000	0.847460	0.847460
4.148000	0.850937	0.850937
4.150000	0.850937	0.850937
4.152000	0.848092	0.848092
4.154000	0.849041	0.849041
4.156000	0.847144	0.847144
4.158000	0.847460	0.847460
4.160000	0.850621	0.850621
4.162000	0.849041	0.849041
4.164000	0.849041	0.849041
4.166000	0.846828	0.846828
4.168000	0.849673	0.849673
4.170000	0.847460	0.847460
4.172000	0.849357	0.849357
4.174000	0.848092	0.848092
4.176000	0.848724	0.848724
4.178000	0.849673	0.849673
4.180000	0.849357	0.849357
4.182000	0.849673	0.849673
4.184000	0.848408	0.848408
4.186000	0.848092	0.848092
4.188000	0.848092	0.848092
4.190000	0.849673	0.849673
4.192000	0.850305	0.850305
4.194000	0.849673	0.849673
4.196000	0.849989	0.849989
4.198000	0.845880	0.845880
4.200000	0.849357	0.849357
4.202000	0.851569	0.851569
4.204000	0.850937	0.850937
4.206000	0.849357	0.849357
4.208000	0.848408	0.848408
4.210000	0.849041	0.849041
4.212000	0.849989	0.849989
4.214000	0.849041	0.849041
4.216000	0.849041	0.849041
4.218000	0.847144	0.847144
4.220000	0.849357	0.849357
4.222000	0.849041	0.849041
4.224000	0.851253	0.851253
4.226000	0.849673	0.849673
4.228000	0.847776	0.847776
4.230000	0.848092	0.848092
4.232000	0.849673	0.849673
4.234000	0.848724	0.848724
4.236000	0.850621	0.850621
4.238000	0.848408	0.848408
4.240000	0.848092	0.848092
4.242000	0.847460	0.847460
4.244000	0.850621	0.850621
4.246000	0.849673	0.849673
4.248000	0.849041	0.849041
4.250000	0.848092	0.848092
4.252000	0.847144	0.847144
4.254000	0.849673	0.849673
4.256000	0.849041	0.849041
4.258000	0.849673	0.849673
4.260000	0.847776	0.847776
4.262000	0.847776	0.847776
4.264000	0.848408	0.848408
4.266000	0.849673	0.849673
4.268000	0.849673	0.849673
4.270000	0.848408	0.848408
4.272000	0.848408	0.848408
4.274000	0.847776	0.847776
4.276000	0.849357	0.849357
4.278000	0.848724	0.848724
4.280000	0.849041	0.849041
4.282000	0.846828	0.846828
4.284000	0.848408	0.848408
4.286000	0.848092	0.848092
4.288000	0.848724	0.848724
4.290000	0.849673	0.849673
4.292000	0.847776	0.847776
4.294000	0.848408	0.848408
4.296000	0.847776	0.847776
4.298000	0.849041	0.849041
4.300000	0.849357	0.849357
4.302000	0.848408	0.848408
4.304000	0.848092	0.848092
4.306000	0.847776	0.847776
4.308000	0.848092	0.848092
4.310000	0.849673	0.849673
4.312000	0.848408	0.848408
4.314000	0.846196	0.846196
4.316000	0.847776	0.847776
4.318000	0.849673	0.849673
4.320000	0.848724	0.848724
4.322000	0.850621	0.850621
4.324000	0.849041	0.849041
4.326000	0.846828	0.846828
4.328000	0.848408	0.848408
4.330000	0.848408	0.848408
4.332000	0.849041	0.849041
4.334000	0.849041	0.849041
4.336000	0.848408	0.848408
4.338000	0.848408	0.848408
4.340000	0.847776	0.847776
4.342000	0.847776	0.847776
4.344000	0.847144	0.847144
4.346000	0.846196	0.846196
4.348000	0.848724	0.848724
4.350000	0.847776	0.847776
4.352000	0.849041	0.849041
4.354000	0.849989	0.849989
4.356000	0.845564	0.845564
4.358000	0.846196	0.846196
4.360000	0.846512	0.846512
4.362000	0.848408	0.848408
4.364000	0.849041	0.849041
4.366000	0.849041	0.849041
4.368000	0.848408	0.848408
4.370000	0.847144	0.847144
4.372000	0.848408	0.848408
4.374000	0.849041	0.849041
4.376000	0.847460	0.847460
4.378000	0.848092	0.848092
4.380000	0.848408	0.848408
4.382000	0.848724	0.848724
4.384000	0.847776	0.847776
4.386000	0.848408	0.848408
4.388000	0.849357	0.849357
4.390000	0.846828	0.846828
4.392000	0.847460	0.847460
4.394000	0.848092	0.848092
4.396000	0.849989	0.849989
4.398000	0.848408	0.848408
4.400000	0.848092	0.848092
4.402000	0.848408	0.848408
4.404000	0.847144	0.847144
4.406000	0.847776	0.847776
4.408000	0.848724	0.848724
4.410000	0.846512	0.846512
4.412000	0.848408	0.848408
4.414000	0.848092	0.848092
4.416000	0.848408	0.848408
4.418000	0.847460	0.847460
4.420000	0.848724	0.848724
4.422000	0.848724	0.848724
4.424000	0.849357	0.849357
4.426000	0.848724	0.848724
4.428000	0.848724	0.848724
4.430000	0.848092	0.848092
4.432000	0.849673	0.849673
4.434000	0.849673	0.849673
4.436000	0.847776	0.847776
4.438000	0.848408	0.848408
4.440000	0.849041	0.849041
4.442000	0.847776	0.847776
4.444000	0.848724	0.848724
4.446000	0.849041	0.849041
4.448000	0.847776	0.847776
4.450000	0.847776	0.847776
4.452000	0.848092	0.848092
4.454000	0.848092	0.848092
4.456000	0.848408	0.848408
4.458000	0.847144	0.847144
4.460000	0.849041	0.849041
4.462000	0.849041	0.849041
4.464000	0.849989	0.849989
4.466000	0.847776	0.847776
4.468000	0.844616	0.844616
4.470000	0.849041	0.849041
4.472000	0.848408	0.848408
4.474000	0.849357	0.849357
4.476000	0.847776	0.847776
4.478000	0.847460	0.847460
4.480000	0.849357	0.849357
4.482000	0.849041	0.849041
4.484000	0.848408	0.848408
4.486000	0.848408	0.848408
4.488000	0.848408	0.848408
4.490000	0.846196	0.846196
4.492000	0.847144	0.847144
4.494000	0.849041	0.849041
4.496000	0.849041	0.849041
4.498000	0.848408	0.848408
4.500000	0.847460	0.847460
4.502000	0.848724	0.848724
4.504000	0.849041	0.849041
4.506000	0.848408	0.848408
4.508000	0.846512	0.846512
4.510000	0.848408	0.848408
4.512000	0.848092	0.848092
4.514000	0.848724	0.848724
4.516000	0.848724	0.848724
4.518000	0.848724	0.848724
4.520000	0.846512	0.846512
4.522000	0.848408	0.848408
4.524000	0.846196	0.846196
4.526000	0.848724	0.848724
4.528000	0.849357	0.849357
4.530000	0.848408	0.848408
4.532000	0.846828	0.846828
4.534000	0.848724	0.848724
4.536000	0.848092	0.848092
4.538000	0.848724	0.848724
4.540000	0.847776	0.847776
4.542000	0.847776	0.847776
4.544000	0.849041	0.849041
4.546000	0.848408	0.848408
4.548000	0.846828	0.846828
4.550000	0.849041	0.849041
4.552000	0.847460	0.847460
4.554000	0.847776	0.847776
4.556000	0.849041	0.849041
4.558000	0.848408	0.848408
4.560000	0.849357	0.849357
4.562000	0.848092	0.848092
4.564000	0.847460	0.847460
4.566000	0.845248	0.845248
4.568000	0.847144	0.847144
4.570000	0.847776	0.847776
4.572000	0.848408	0.848408
4.574000	0.847144	0.847144
4.576000	0.849041	0.849041
4.578000	0.847144	0.847144
4.580000	0.849989	0.849989
4.582000	0.849041	0.849041
4.584000	0.848092	0.848092
4.586000	0.847144	0.847144
4.588000	0.848724	0.848724
4.590000	0.848408	0.848408
4.592000	0.848408	0.848408
4.594000	0.848724	0.848724
4.596000	0.848408	0.848408
4.598000	0.848408	0.848408
4.600000	0.848724	0.848724
4.602000	0.848724	0.848724
4.604000	0.848724	0.848724
4.606000	0.846512	0.846512
4.608000	0.848724	0.848724
4.610000	0.847144	0.847144
4.612000	0.849989	0.849989
4.614000	0.847776	0.847776
4.616000	0.847460	0.847460
4.618000	0.847144	0.847144
4.620000	0.849357	0.849357
4.622000	0.849041	0.849041
4.624000	0.848092	0.848092
4.626000	0.849041	0.849041
4.628000	0.847144	0.847144
4.630000	0.849041	0.849041
4.632000	0.848724	0.848724
4.634000	0.849673	0.849673
4.636000	0.848092	0.848092
4.638000	0.850305	0.850305
4.640000	0.849673	0.849673
4.642000	0.848092	0.848092
4.644000	0.848408	0.848408
4.646000	0.847460	0.847460
4.648000	0.850621	0.850621
4.650000	0.849041	0.849041
4.652000	0.849673	0.849673
4.654000	0.848724	0.848724
4.656000	0.849673	0.849673
4.658000	0.848408	0.848408
4.660000	0.849357	0.849357
4.662000	0.849357	0.849357
4.664000	0.848408	0.848408
4.666000	0.847144	0.847144
4.668000	0.848408	0.848408
4.670000	0.847776	0.847776
4.672000	0.849357	0.849357
4.674000	0.847460	0.847460
4.676000	0.848092	0.848092
4.678000	0.848724	0.848724
4.680000	0.848092	0.848092
4.682000	0.847144	0.847144
4.684000	0.847776	0.847776
4.686000	0.849041	0.849041
4.688000	0.847460	0.847460
4.690000	0.849989	0.849989
4.692000	0.849673	0.849673
4.694000	0.848724	0.848724
4.696000	0.849041	0.849041
4.698000	0.847144	0.847144
4.700000	0.849673	0.849673
4.702000	0.848408	0.848408
4.704000	0.849041	0.849041
4.706000	0.848408	0.848408
4.708000	0.848092	0.848092
4.710000	0.849673	0.849673
4.712000	0.849041	0.849041
4.714000	0.847776	0.847776
4.716000	0.847776	0.847776
4.718000	0.848092	0.848092
4.720000	0.848092	0.848092
4.722000	0.848092	0.848092
4.724000	0.848092	0.848092
4.726000	0.846828	0.846828
4.728000	0.847144	0.847144
4.730000	0.846828	0.846828
4.732000	0.848724	0.848724
4.734000	0.848408	0.848408
4.736000	0.848408	0.848408
4.738000	0.849673	0.849673
4.740000	0.846828	0.846828
4.742000	0.848408	0.848408
4.744000	0.848092	0.848092
4.746000	0.850621	0.850621
4.748000	0.848724	0.848724
4.750000	0.847460	0.847460
4.752000	0.848092	0.848092
4.754000	0.848092	0.848092
4.756000	0.850937	0.850937
4.758000	0.848724	0.848724
4.760000	0.850621	0.850621
4.762000	0.848092	0.848092
4.764000	0.849989	0.849989
4.766000	0.849041	0.849041
4.768000	0.848724	0.848724
4.770000	0.849357	0.849357
4.772000	0.850305	0.850305
4.774000	0.848408	0.848408
4.776000	0.849989	0.849989
4.778000	0.849041	0.849041
4.780000	0.847460	0.847460
4.782000	0.849041	0.849041
4.784000	0.849357	0.849357
4.786000	0.849673	0.849673
4.788000	0.849041	0.849041
4.790000	0.849357	0.849357
4.792000	0.848724	0.848724
4.794000	0.847776	0.847776
4.796000	0.848408	0.848408
4.798000	0.848724	0.848724
4.800000	0.848092	0.848092
4.802000	0.847776	0.847776
4.804000	0.848408	0.848408
4.806000	0.848724	0.848724
4.808000	0.849989	0.849989
4.810000	0.848724	0.848724
4.812000	0.847776	0.847776
4.814000	0.848408	0.848408
4.816000	0.847776	0.847776
4.818000	0.847460	0.847460
4.820000	0.847144	0.847144
4.822000	0.849041	0.849041
4.824000	0.849673	0.849673
4.826000	0.849041	0.849041
4.828000	0.849357	0.849357
4.830000	0.848092	0.848092
4.832000	0.848724	0.848724
4.834000	0.848408	0.848408
4.836000	0.849041	0.849041
4.838000	0.850305	0.850305
4.840000	0.849673	0.849673
4.842000	0.849989	0.849989
4.844000	0.849989	0.849989
4.846000	0.849041	0.849041
4.848000	0.849041	0.849041
4.850000	0.849041	0.849041
4.852000	0.848408	0.848408
4.854000	0.849673	0.849673
4.856000	0.848408	0.848408
4.858000	0.849673	0.849673
4.860000	0.846828	0.846828
4.862000	0.847460	0.847460
4.864000	0.848092	0.848092
4.866000	0.848408	0.848408
4.868000	0.848092	0.848092
4.870000	0.849357	0.849357
4.872000	0.848092	0.848092
4.874000	0.849041	0.849041
4.876000	0.848408	0.848408
4.878000	0.849989	0.849989
4.880000	0.847460	0.847460
4.882000	0.848724	0.848724
4.884000	0.847144	0.847144
4.886000	0.849989	0.849989
4.888000	0.848408	0.848408
4.890000	0.848408	0.848408
4.892000	0.847776	0.847776
4.894000	0.848092	0.848092
4.896000	0.848724	0.848724
4.898000	0.848408	0.848408
4.900000	0.848408	0.848408
4.902000	0.848092	0.848092
4.904000	0.848724	0.848724
4.906000	0.847776	0.847776
4.908000	0.848724	0.848724
4.910000	0.848408	0.848408
4.912000	0.847776	0.847776
4.914000	0.848408	0.848408
4.916000	0.849041	0.849041
4.918000	0.847776	0.847776
4.920000	0.848408	0.848408
4.922000	0.848408	0.848408
4.924000	0.849041	0.849041
4.926000	0.848724	0.848724
4.928000	0.849357	0.849357
4.930000	0.849357	0.849357
4.932000	0.848724	0.848724
4.934000	0.848724	0.848724
4.936000	0.849041	0.849041
4.938000	0.848092	0.848092
4.940000	0.848408	0.848408
4.942000	0.848408	0.848408
4.944000	0.849041	0.849041
4.946000	0.848724	0.848724
4.948000	0.849989	0.849989
4.950000	0.849041	0.849041
4.952000	0.848408	0.848408
4.954000	0.849041	0.849041
4.956000	0.849041	0.849041
4.958000	0.849673	0.849673
4.960000	0.849673	0.849673
4.962000	0.849357	0.849357
4.964000	0.849041	0.849041
4.966000	0.847776	0.847776
4.968000	0.849673	0.849673
4.970000	0.848092	0.848092
4.972000	0.847144	0.847144
4.974000	0.848724	0.848724
4.976000	0.849357	0.849357
4.978000	0.849041	0.849041
4.980000	0.850305	0.850305
4.982000	0.847460	0.847460
4.984000	0.847460	0.847460
4.986000	0.847144	0.847144
4.988000	0.848092	0.848092
4.990000	0.847144	0.847144
4.992000	0.848408	0.848408
4.994000	0.849357	0.849357
4.996000	0.849357	0.849357
4.998000	0.849041	0.849041
5.000000	0.849673	0.849673
5.002000	0.849041	0.849041
5.004000	0.848408	0.848408
5.006000	0.848724	0.848724
5.008000	0.848092	0.848092
5.010000	0.849673	0.849673
5.012000	0.846828	0.846828
5.014000	0.849041	0.849041
5.016000	0.849673	0.849673
5.018000	0.849989	0.849989
5.020000	0.849041	0.849041
5.022000	0.849041	0.849041
5.024000	0.848092	0.848092
5.026000	0.849357	0.849357
5.028000	0.849673	0.849673
5.030000	0.849357	0.849357
5.032000	0.848092	0.848092
5.034000	0.849357	0.849357
5.036000	0.849041	0.849041
5.038000	0.848408	0.848408
5.040000	0.848408	0.848408
5.042000	0.848092	0.848092
5.044000	0.848092	0.848092
5.046000	0.848408	0.848408
5.048000	0.849041	0.849041
5.050000	0.848724	0.848724
5.052000	0.849041	0.849041
5.054000	0.847460	0.847460
5.056000	0.846828	0.846828
5.058000	0.849041	0.849041
5.060000	0.849041	0.849041
5.062000	0.849041	0.849041
5.064000	0.847776	0.847776
5.066000	0.847776	0.847776
5.068000	0.849041	0.849041
5.070000	0.847460	0.847460
5.072000	0.849357	0.849357
5.074000	0.847460	0.847460
5.076000	0.849357	0.849357
5.078000	0.846828	0.846828
5.080000	0.847144	0.847144
5.082000	0.849673	0.849673
5.084000	0.847776	0.847776
5.086000	0.848408	0.848408
5.088000	0.847144	0.847144
5.090000	0.847144	0.847144
5.092000	0.848408	0.848408
5.094000	0.848724	0.848724
5.096000	0.848724	0.848724
5.098000	0.849673	0.849673
5.100000	0.849041	0.849041
5.102000	0.848408	0.848408
5.104000	0.848724	0.848724
5.106000	0.847460	0.847460
5.108000	0.847776	0.847776
5.110000	0.846512	0.846512
5.112000	0.847460	0.847460
5.114000	0.849357	0.849357
5.116000	0.848724	0.848724
5.118000	0.848408	0.848408
5.120000	0.847776	0.847776
5.122000	0.849673	0.849673
5.124000	0.847776	0.847776
5.126000	0.846828	0.846828
5.128000	0.849041	0.849041
5.130000	0.849673	0.849673
5.132000	0.849041	0.849041
5.134000	0.850621	0.850621
5.136000	0.848724	0.848724
5.138000	0.848724	0.848724
5.140000	0.849041	0.849041
5.142000	0.848724	0.848724
5.144000	0.848724	0.848724
5.146000	0.847144	0.847144
5.148000	0.848724	0.848724
5.150000	0.848724	0.848724
5.152000	0.847144	0.847144
5.154000	0.847144	0.847144
5.156000	0.848408	0.848408
5.158000	0.847776	0.847776
5.160000	0.847460	0.847460
5.162000	0.847776	0.847776
5.164000	0.848724	0.848724
5.166000	0.848092	0.848092
5.168000	0.848408	0.848408
5.170000	0.847776	0.847776
5.172000	0.848724	0.848724
5.174000	0.848724	0.848724
5.176000	0.849041	0.849041
5.178000	0.849357	0.849357
5.180000	0.847144	0.847144
5.182000	0.847460	0.847460
5.184000	0.849041	0.849041
5.186000	0.849673	0.849673
5.188000	0.848408	0.848408
5.190000	0.848724	0.848724
5.192000	0.849041	0.849041
5.194000	0.849673	0.849673
5.196000	0.848408	0.848408
5.198000	0.848092	0.848092
5.200000	0.849357	0.849357
5.202000	0.849989	0.849989
5.204000	0.847776	0.847776
5.206000	0.849041	0.849041
5.208000	0.850305	0.850305
5.210000	0.848724	0.848724
5.212000	0.850621	0.850621
5.214000	0.847776	0.847776
5.216000	0.848724	0.848724
5.218000	0.848408	0.848408
5.220000	0.849989	0.849989
5.222000	0.849041	0.849041
5.224000	0.848092	0.848092
5.226000	0.849673	0.849673
5.228000	0.849989	0.849989
5.230000	0.848408	0.848408
5.232000	0.849673	0.849673
5.234000	0.847776	0.847776
5.236000	0.848724	0.848724
5.238000	0.848724	0.848724
5.240000	0.847776	0.847776
5.242000	0.849989	0.849989
5.244000	0.848724	0.848724
5.246000	0.847460	0.847460
5.248000	0.847776	0.847776
5.250000	0.849357	0.849357
5.252000	0.849041	0.849041
5.254000	0.849041	0.849041
5.256000	0.848408	0.848408
5.258000	0.848724	0.848724
5.260000	0.849357	0.849357
5.262000	0.849041	0.849041
5.264000	0.848408	0.848408
5.266000	0.849673	0.849673
5.268000	0.849357	0.849357
5.270000	0.847776	0.847776
5.272000	0.849041	0.849041
5.274000	0.848092	0.848092
5.276000	0.849673	0.849673
5.278000	0.847144	0.847144
5.280000	0.849041	0.849041
5.282000	0.850305	0.850305
5.284000	0.848408	0.848408
5.286000	0.848408	0.848408
5.288000	0.849041	0.849041
5.290000	0.847144	0.847144
5.292000	0.849041	0.849041
5.294000	0.846512	0.846512
5.296000	0.846828	0.846828
5.298000	0.847460	0.847460
5.300000	0.849357	0.849357
5.302000	0.849357	0.849357
5.304000	0.848092	0.848092
5.306000	0.847776	0.847776
5.308000	0.849041	0.849041
5.310000	0.847776	0.847776
5.312000	0.848408	0.848408
5.314000	0.850305	0.850305
5.316000	0.849041	0.849041
5.318000	0.850621	0.850621
5.320000	0.849673	0.849673
5.322000	0.848724	0.848724
5.324000	0.848092	0.848092
5.326000	0.849357	0.849357
5.328000	0.848408	0.848408
5.330000	0.849041	0.849041
5.332000	0.849673	0.849673
5.334000	0.849041	0.849041
5.336000	0.848408	0.848408
5.338000	0.848408	0.848408
5.340000	0.849989	0.849989
5.342000	0.847460	0.847460
5.344000	0.848724	0.848724
5.346000	0.848724	0.848724
5.348000	0.849041	0.849041
5.350000	0.849357	0.849357
5.352000	0.848408	0.848408
5.354000	0.849673	0.849673
5.356000	0.850305	0.850305
5.358000	0.848092	0.848092
5.360000	0.849989	0.849989
5.362000	0.849041	0.849041
5.364000	0.850621	0.850621
5.366000	0.848408	0.848408
5.368000	0.849357	0.849357
5.370000	0.848724	0.848724
5.372000	0.848408	0.848408
5.374000	0.847144	0.847144
5.376000	0.849357	0.849357
5.378000	0.848724	0.848724
5.380000	0.848724	0.848724
5.382000	0.848724	0.848724
5.384000	0.850621	0.850621
5.386000	0.849673	0.849673
5.388000	0.849989	0.849989
5.390000	0.848092	0.848092
5.392000	0.848408	0.848408
5.394000	0.848092	0.848092
5.396000	0.849041	0.849041
5.398000	0.849041	0.849041
5.400000	0.848408	0.848408
5.402000	0.846512	0.846512
5.404000	0.848724	0.848724
5.406000	0.848724	0.848724
5.408000	0.848724	0.848724
5.410000	0.849673	0.849673
5.412000	0.848408	0.848408
5.414000	0.848092	0.848092
5.416000	0.848724	0.848724
5.418000	0.850305	0.850305
5.420000	0.849041	0.849041
5.422000	0.849041	0.849041
5.424000	0.848408	0.848408
5.426000	0.849357	0.849357
5.428000	0.849041	0.849041
5.430000	0.849673	0.849673
5.432000	0.849673	0.849673
5.434000	0.848408	0.848408
5.436000	0.850937	0.850937
5.438000	0.849041	0.849041
5.440000	0.849673	0.849673
5.442000	0.848408	0.848408
5.444000	0.849041	0.849041
5.446000	0.848408	0.848408
5.448000	0.848408	0.848408
5.450000	0.848092	0.848092
5.452000	0.850305	0.850305
5.454000	0.849041	0.849041
5.456000	0.847460	0.847460
5.458000	0.847776	0.847776
5.460000	0.847460	0.847460
5.462000	0.847144	0.847144
5.464000	0.848724	0.848724
5.466000	0.848092	0.848092
5.468000	0.848408	0.848408
5.470000	0.849673	0.849673
5.472000	0.847460	0.847460
5.474000	0.848092	0.848092
5.476000	0.846512	0.846512
5.478000	0.848408	0.848408
5.480000	0.849673	0.849673
5.482000	0.849673	0.849673
5.484000	0.849041	0.849041
5.486000	0.848408	0.848408
5.488000	0.849357	0.849357
5.490000	0.848724	0.848724
5.492000	0.849673	0.849673
5.494000	0.848092	0.848092
5.496000	0.849041	0.849041
5.498000	0.849673	0.849673
5.500000	0.847144	0.847144
5.502000	0.849357	0.849357
5.504000	0.848724	0.848724
5.506000	0.848092	0.848092
5.508000	0.848408	0.848408
5.510000	0.849357	0.849357
5.512000	0.847460	0.847460
5.514000	0.849041	0.849041
5.516000	0.850305	0.850305
5.518000	0.849673	0.849673
5.520000	0.848408	0.848408
5.522000	0.848408	0.848408
5.524000	0.849041	0.849041
5.526000	0.849357	0.849357
5.528000	0.848724	0.848724
5.530000	0.848408	0.848408
5.532000	0.848724	0.848724
5.534000	0.847460	0.847460
5.536000	0.849673	0.849673
5.538000	0.848408	0.848408
5.540000	0.848092	0.848092
5.542000	0.848408	0.848408
5.544000	0.847460	0.847460
5.546000	0.848724	0.848724
5.548000	0.846828	0.846828
5.550000	0.849357	0.849357
5.552000	0.848724	0.848724
5.554000	0.849041	0.849041
5.556000	0.848724	0.848724
5.558000	0.848408	0.848408
5.560000	0.847776	0.847776
5.562000	0.848092	0.848092
5.564000	0.847776	0.847776
5.566000	0.851253	0.851253
5.568000	0.849989	0.849989
5.570000	0.847144	0.847144
5.572000	0.848724	0.848724
5.574000	0.849357	0.849357
5.576000	0.847776	0.847776
5.578000	0.848724	0.848724
5.580000	0.850937	0.850937
5.582000	0.849041	0.849041
5.584000	0.849989	0.849989
5.586000	0.849041	0.849041
5.588000	0.849041	0.849041
5.590000	0.849989	0.849989
5.592000	0.848408	0.848408
5.594000	0.847460	0.847460
5.596000	0.848724	0.848724
5.598000	0.848092	0.848092
5.600000	0.848092	0.848092
5.602000	0.849989	0.849989
5.604000	0.848092	0.848092
5.606000	0.848408	0.848408
5.608000	0.848408	0.848408
5.610000	0.847144	0.847144
5.612000	0.849357	0.849357
5.614000	0.848092	0.848092
5.616000	0.848408	0.848408
5.618000	0.848408	0.848408
5.620000	0.848092	0.848092
5.622000	0.848724	0.848724
5.624000	0.848724	0.848724
5.626000	0.848724	0.848724
5.628000	0.847144	0.847144
5.630000	0.847460	0.847460
5.632000	0.848724	0.848724
5.634000	0.848724	0.848724
5.636000	0.847144	0.847144
5.638000	0.849041	0.849041
5.640000	0.848724	0.848724
5.642000	0.849989	0.849989
5.644000	0.849673	0.849673
5.646000	0.848724	0.848724
5.648000	0.849041	0.849041
5.650000	0.848092	0.848092
5.652000	0.848724	0.848724
5.654000	0.849357	0.849357
5.656000	0.848724	0.848724
5.658000	0.849357	0.849357
5.660000	0.850305	0.850305
5.662000	0.848408	0.848408
5.664000	0.848408	0.848408
5.666000	0.849673	0.849673
5.668000	0.848408	0.848408
5.670000	0.849041	0.849041
5.672000	0.849673	0.849673
5.674000	0.847144	0.847144
5.676000	0.848724	0.848724
5.678000	0.849041	0.849041
5.680000	0.848092	0.848092
5.682000	0.848724	0.848724
5.684000	0.849673	0.849673
5.686000	0.851253	0.851253
5.688000	0.847776	0.847776
5.690000	0.847776	0.847776
5.692000	0.849357	0.849357
5.694000	0.848408	0.848408
5.696000	0.849041	0.849041
5.698000	0.848408	0.848408
5.700000	0.848408	0.848408
5.702000	0.848408	0.848408
5.704000	0.848408	0.848408
5.706000	0.847144	0.847144
5.708000	0.848724	0.848724
5.710000	0.848408	0.848408
5.712000	0.848092	0.848092
5.714000	0.848724	0.848724
5.716000	0.849673	0.849673
5.718000	0.849673	0.849673
5.720000	0.849673	0.849673
5.722000	0.847776	0.847776
5.724000	0.849041	0.849041
5.726000	0.848408	0.848408
5.728000	0.848724	0.848724
5.730000	0.849673	0.849673
5.732000	0.846512	0.846512
5.734000	0.847776	0.847776
5.736000	0.848408	0.848408
5.738000	0.848724	0.848724
5.740000	0.846828	0.846828
5.742000	0.849673	0.849673
5.744000	0.849673	0.849673
5.746000	0.850621	0.850621
5.748000	0.849989	0.849989
5.750000	0.847460	0.847460
5.752000	0.847460	0.847460
5.754000	0.849041	0.849041
5.756000	0.847776	0.847776
5.758000	0.848724	0.848724
5.760000	0.848724	0.848724
5.762000	0.849989	0.849989
5.764000	0.849673	0.849673
5.766000	0.847460	0.847460
5.768000	0.849041	0.849041
5.770000	0.848408	0.848408
5.772000	0.848092	0.848092
5.774000	0.850305	0.850305
5.776000	0.848408	0.848408
5.778000	0.848408	0.848408
5.780000	0.847144	0.847144
5.782000	0.849041	0.849041
5.784000	0.848092	0.848092
5.786000	0.849041	0.849041
5.788000	0.848092	0.848092
5.790000	0.847460	0.847460
5.792000	0.849989	0.849989
5.794000	0.849673	0.849673
5.796000	0.848408	0.848408
5.798000	0.848724	0.848724
5.800000	0.848724	0.848724
5.802000	0.849673	0.849673
5.804000	0.848408	0.848408
5.806000	0.849989	0.849989
5.808000	0.850305	0.850305
5.810000	0.848408	0.848408
5.812000	0.848724	0.848724
5.814000	0.848092	0.848092
5.816000	0.848408	0.848408
5.818000	0.848408	0.848408
5.820000	0.849041	0.849041
5.822000	0.847144	0.847144
5.824000	0.848092	0.848092
5.826000	0.849041	0.849041
5.828000	0.849357	0.849357
5.830000	0.848092	0.848092
5.832000	0.848092	0.848092
5.834000	0.848724	0.848724
5.836000	0.848724	0.848724
5.838000	0.849673	0.849673
5.840000	0.849357	0.849357
5.842000	0.849673	0.849673
5.844000	0.849041	0.849041
5.846000	0.847144	0.847144
5.848000	0.849041	0.849041
5.850000	0.847144	0.847144
5.852000	0.848724	0.848724
5.854000	0.847460	0.847460
5.856000	0.849673	0.849673
5.858000	0.849041	0.849041
5.860000	0.849673	0.849673
5.862000	0.849989	0.849989
5.864000	0.848408	0.848408
5.866000	0.849041	0.849041
5.868000	0.848408	0.848408
5.870000	0.849673	0.849673
5.872000	0.847776	0.847776
5.874000	0.847460	0.847460
5.876000	0.849041	0.849041
5.878000	0.849041	0.849041
5.880000	0.846828	0.846828
5.882000	0.848408	0.848408
5.884000	0.847144	0.847144
5.886000	0.849041	0.849041
5.888000	0.849357	0.849357
5.890000	0.848092	0.848092
5.892000	0.850305	0.850305
5.894000	0.849357	0.849357
5.896000	0.847776	0.847776
5.898000	0.847776	0.847776
5.900000	0.848092	0.848092
5.902000	0.848092	0.848092
5.904000	0.848724	0.848724
5.906000	0.847144	0.847144
5.908000	0.847144	0.847144
5.910000	0.849041	0.849041
5.912000	0.849357	0.849357
5.914000	0.849041	0.849041
5.916000	0.847460	0.847460
5.918000	0.846828	0.846828
5.920000	0.849673	0.849673
5.922000	0.848408	0.848408
5.924000	0.848408	0.848408
5.926000	0.849041	0.849041
5.928000	0.848408	0.848408
5.930000	0.848408	0.848408
5.932000	0.848408	0.848408
5.934000	0.847144	0.847144
5.936000	0.849357	0.849357
5.938000	0.848092	0.848092
5.940000	0.848724	0.848724
5.942000	0.849357	0.849357
5.944000	0.848408	0.848408
5.946000	0.848092	0.848092
5.948000	0.847776	0.847776
5.950000	0.848724	0.848724
5.952000	0.846828	0.846828
5.954000	0.849041	0.849041
5.956000	0.847144	0.847144
5.958000	0.846828	0.846828
5.960000	0.847776	0.847776
5.962000	0.849041	0.849041
5.964000	0.847144	0.847144
5.966000	0.847460	0.847460
5.968000	0.848092	0.848092
5.970000	0.849673	0.849673
5.972000	0.848408	0.848408
5.974000	0.849041	0.849041
5.976000	0.848724	0.848724
5.978000	0.847460	0.847460
5.980000	0.847776	0.847776
5.982000	0.849673	0.849673
5.984000	0.850621	0.850621
5.986000	0.847144	0.847144
5.988000	0.848408	0.848408
5.990000	0.848092	0.848092
5.992000	0.848408	0.848408
5.994000	0.847460	0.847460
5.996000	0.848092	0.848092
5.998000	0.848724	0.848724
