11/3/2016
11:22:54 AM

0, CH+=0, CH-=199, Range=+/-10, y=a


Time	v0	y0
0.000000	0.852833	0.852833
0.002000	0.854730	0.854730
0.004000	0.854414	0.854414
0.006000	0.854098	0.854098
0.008000	0.852517	0.852517
0.010000	0.853149	0.853149
0.012000	0.852517	0.852517
0.014000	0.854098	0.854098
0.016000	0.852833	0.852833
0.018000	0.853782	0.853782
0.020000	0.853149	0.853149
0.022000	0.852201	0.852201
0.024000	0.852201	0.852201
0.026000	0.853149	0.853149
0.028000	0.853465	0.853465
0.030000	0.853465	0.853465
0.032000	0.853149	0.853149
0.034000	0.853465	0.853465
0.036000	0.853149	0.853149
0.038000	0.853782	0.853782
0.040000	0.854098	0.854098
0.042000	0.853782	0.853782
0.044000	0.853149	0.853149
0.046000	0.852517	0.852517
0.048000	0.851569	0.851569
0.050000	0.853465	0.853465
0.052000	0.853149	0.853149
0.054000	0.853465	0.853465
0.056000	0.853465	0.853465
0.058000	0.854098	0.854098
0.060000	0.853782	0.853782
0.062000	0.852517	0.852517
0.064000	0.852201	0.852201
0.066000	0.853465	0.853465
0.068000	0.853465	0.853465
0.070000	0.853149	0.853149
0.072000	0.852833	0.852833
0.074000	0.853782	0.853782
0.076000	0.853465	0.853465
0.078000	0.852517	0.852517
0.080000	0.853465	0.853465
0.082000	0.855678	0.855678
0.084000	0.853465	0.853465
0.086000	0.855362	0.855362
0.088000	0.852517	0.852517
0.090000	0.854098	0.854098
0.092000	0.852517	0.852517
0.094000	0.852201	0.852201
0.096000	0.853465	0.853465
0.098000	0.851885	0.851885
0.100000	0.853782	0.853782
0.102000	0.852833	0.852833
0.104000	0.851885	0.851885
0.106000	0.852833	0.852833
0.108000	0.851569	0.851569
0.110000	0.852517	0.852517
0.112000	0.852201	0.852201
0.114000	0.851569	0.851569
0.116000	0.852833	0.852833
0.118000	0.853465	0.853465
0.120000	0.854730	0.854730
0.122000	0.853782	0.853782
0.124000	0.852201	0.852201
0.126000	0.852201	0.852201
0.128000	0.852833	0.852833
0.130000	0.853149	0.853149
0.132000	0.853782	0.853782
0.134000	0.854730	0.854730
0.136000	0.853782	0.853782
0.138000	0.853465	0.853465
0.140000	0.852833	0.852833
0.142000	0.852517	0.852517
0.144000	0.851885	0.851885
0.146000	0.853465	0.853465
0.148000	0.851569	0.851569
0.150000	0.853782	0.853782
0.152000	0.853465	0.853465
0.154000	0.853465	0.853465
0.156000	0.852201	0.852201
0.158000	0.854098	0.854098
0.160000	0.853465	0.853465
0.162000	0.853465	0.853465
0.164000	0.852833	0.852833
0.166000	0.853465	0.853465
0.168000	0.853465	0.853465
0.170000	0.852201	0.852201
0.172000	0.852833	0.852833
0.174000	0.852201	0.852201
0.176000	0.854414	0.854414
0.178000	0.852833	0.852833
0.180000	0.853782	0.853782
0.182000	0.855046	0.855046
0.184000	0.853782	0.853782
0.186000	0.852833	0.852833
0.188000	0.853465	0.853465
0.190000	0.852517	0.852517
0.192000	0.852833	0.852833
0.194000	0.853782	0.853782
0.196000	0.853782	0.853782
0.198000	0.855362	0.855362
0.200000	0.853465	0.853465
0.202000	0.852833	0.852833
0.204000	0.853149	0.853149
0.206000	0.853465	0.853465
0.208000	0.854098	0.854098
0.210000	0.853465	0.853465
0.212000	0.854414	0.854414
0.214000	0.853782	0.853782
0.216000	0.853782	0.853782
0.218000	0.853782	0.853782
0.220000	0.852833	0.852833
0.222000	0.852833	0.852833
0.224000	0.852833	0.852833
0.226000	0.853465	0.853465
0.228000	0.853465	0.853465
0.230000	0.853782	0.853782
0.232000	0.852201	0.852201
0.234000	0.854414	0.854414
0.236000	0.854098	0.854098
0.238000	0.852833	0.852833
0.240000	0.853149	0.853149
0.242000	0.853465	0.853465
0.244000	0.852833	0.852833
0.246000	0.853149	0.853149
0.248000	0.854414	0.854414
0.250000	0.853465	0.853465
0.252000	0.853782	0.853782
0.254000	0.852833	0.852833
0.256000	0.853782	0.853782
0.258000	0.851253	0.851253
0.260000	0.853465	0.853465
0.262000	0.852833	0.852833
0.264000	0.854098	0.854098
0.266000	0.852517	0.852517
0.268000	0.854730	0.854730
0.270000	0.853149	0.853149
0.272000	0.853149	0.853149
0.274000	0.852833	0.852833
0.276000	0.851885	0.851885
0.278000	0.852517	0.852517
0.280000	0.853149	0.853149
0.282000	0.851885	0.851885
0.284000	0.852833	0.852833
0.286000	0.852201	0.852201
0.288000	0.854098	0.854098
0.290000	0.852201	0.852201
0.292000	0.853465	0.853465
0.294000	0.853149	0.853149
0.296000	0.853149	0.853149
0.298000	0.853149	0.853149
0.300000	0.853782	0.853782
0.302000	0.853465	0.853465
0.304000	0.853782	0.853782
0.306000	0.853782	0.853782
0.308000	0.853782	0.853782
0.310000	0.851885	0.851885
0.312000	0.853149	0.853149
0.314000	0.853149	0.853149
0.316000	0.851885	0.851885
0.318000	0.852201	0.852201
0.320000	0.854414	0.854414
0.322000	0.854098	0.854098
0.324000	0.852517	0.852517
0.326000	0.853465	0.853465
0.328000	0.851253	0.851253
0.330000	0.853149	0.853149
0.332000	0.852201	0.852201
0.334000	0.852201	0.852201
0.336000	0.854098	0.854098
0.338000	0.854730	0.854730
0.340000	0.854098	0.854098
0.342000	0.852833	0.852833
0.344000	0.851885	0.851885
0.346000	0.854730	0.854730
0.348000	0.853149	0.853149
0.350000	0.853465	0.853465
0.352000	0.854098	0.854098
0.354000	0.854098	0.854098
0.356000	0.853149	0.853149
0.358000	0.853782	0.853782
0.360000	0.854098	0.854098
0.362000	0.853782	0.853782
0.364000	0.854730	0.854730
0.366000	0.854098	0.854098
0.368000	0.852833	0.852833
0.370000	0.854098	0.854098
0.372000	0.852517	0.852517
0.374000	0.854098	0.854098
0.376000	0.853465	0.853465
0.378000	0.853149	0.853149
0.380000	0.853465	0.853465
0.382000	0.852201	0.852201
0.384000	0.852833	0.852833
0.386000	0.853465	0.853465
0.388000	0.853782	0.853782
0.390000	0.852517	0.852517
0.392000	0.853465	0.853465
0.394000	0.853149	0.853149
0.396000	0.853465	0.853465
0.398000	0.852517	0.852517
0.400000	0.854098	0.854098
0.402000	0.854730	0.854730
0.404000	0.852833	0.852833
0.406000	0.853149	0.853149
0.408000	0.853149	0.853149
0.410000	0.853465	0.853465
0.412000	0.853465	0.853465
0.414000	0.853465	0.853465
0.416000	0.853465	0.853465
0.418000	0.853782	0.853782
0.420000	0.853465	0.853465
0.422000	0.853782	0.853782
0.424000	0.852833	0.852833
0.426000	0.854098	0.854098
0.428000	0.853465	0.853465
0.430000	0.852517	0.852517
0.432000	0.852201	0.852201
0.434000	0.851885	0.851885
0.436000	0.853465	0.853465
0.438000	0.854730	0.854730
0.440000	0.853149	0.853149
0.442000	0.852833	0.852833
0.444000	0.854414	0.854414
0.446000	0.853465	0.853465
0.448000	0.853465	0.853465
0.450000	0.854098	0.854098
0.452000	0.853465	0.853465
0.454000	0.855362	0.855362
0.456000	0.851885	0.851885
0.458000	0.854730	0.854730
0.460000	0.853149	0.853149
0.462000	0.853149	0.853149
0.464000	0.852517	0.852517
0.466000	0.852517	0.852517
0.468000	0.852517	0.852517
0.470000	0.852201	0.852201
0.472000	0.852833	0.852833
0.474000	0.853149	0.853149
0.476000	0.854414	0.854414
0.478000	0.852201	0.852201
0.480000	0.852201	0.852201
0.482000	0.852517	0.852517
0.484000	0.853782	0.853782
0.486000	0.854098	0.854098
0.488000	0.853465	0.853465
0.490000	0.852833	0.852833
0.492000	0.851885	0.851885
0.494000	0.852833	0.852833
0.496000	0.852517	0.852517
0.498000	0.853782	0.853782
0.500000	0.853782	0.853782
0.502000	0.854098	0.854098
0.504000	0.855362	0.855362
0.506000	0.852517	0.852517
0.508000	0.853465	0.853465
0.510000	0.852517	0.852517
0.512000	0.852517	0.852517
0.514000	0.853149	0.853149
0.516000	0.852833	0.852833
0.518000	0.852517	0.852517
0.520000	0.853782	0.853782
0.522000	0.853782	0.853782
0.524000	0.853465	0.853465
0.526000	0.852833	0.852833
0.528000	0.854098	0.854098
0.530000	0.854414	0.854414
0.532000	0.853149	0.853149
0.534000	0.853465	0.853465
0.536000	0.854730	0.854730
0.538000	0.854414	0.854414
0.540000	0.854730	0.854730
0.542000	0.854098	0.854098
0.544000	0.853782	0.853782
0.546000	0.853465	0.853465
0.548000	0.852201	0.852201
0.550000	0.852833	0.852833
0.552000	0.853465	0.853465
0.554000	0.851569	0.851569
0.556000	0.853465	0.853465
0.558000	0.853782	0.853782
0.560000	0.853465	0.853465
0.562000	0.852517	0.852517
0.564000	0.853149	0.853149
0.566000	0.853149	0.853149
0.568000	0.852201	0.852201
0.570000	0.854098	0.854098
0.572000	0.852833	0.852833
0.574000	0.853149	0.853149
0.576000	0.852201	0.852201
0.578000	0.852517	0.852517
0.580000	0.852833	0.852833
0.582000	0.853149	0.853149
0.584000	0.852201	0.852201
0.586000	0.854098	0.854098
0.588000	0.853782	0.853782
0.590000	0.852517	0.852517
0.592000	0.852517	0.852517
0.594000	0.852833	0.852833
0.596000	0.853465	0.853465
0.598000	0.852517	0.852517
0.600000	0.853149	0.853149
0.602000	0.853465	0.853465
0.604000	0.853465	0.853465
0.606000	0.854098	0.854098
0.608000	0.853782	0.853782
0.610000	0.852517	0.852517
0.612000	0.851253	0.851253
0.614000	0.852517	0.852517
0.616000	0.852517	0.852517
0.618000	0.852833	0.852833
0.620000	0.854730	0.854730
0.622000	0.853465	0.853465
0.624000	0.852201	0.852201
0.626000	0.853465	0.853465
0.628000	0.851885	0.851885
0.630000	0.854098	0.854098
0.632000	0.852833	0.852833
0.634000	0.852201	0.852201
0.636000	0.852833	0.852833
0.638000	0.852833	0.852833
0.640000	0.852517	0.852517
0.642000	0.853465	0.853465
0.644000	0.855678	0.855678
0.646000	0.852833	0.852833
0.648000	0.852201	0.852201
0.650000	0.852201	0.852201
0.652000	0.853149	0.853149
0.654000	0.853149	0.853149
0.656000	0.854098	0.854098
0.658000	0.852201	0.852201
0.660000	0.853465	0.853465
0.662000	0.852833	0.852833
0.664000	0.852833	0.852833
0.666000	0.853782	0.853782
0.668000	0.853782	0.853782
0.670000	0.852517	0.852517
0.672000	0.854098	0.854098
0.674000	0.853782	0.853782
0.676000	0.852517	0.852517
0.678000	0.852833	0.852833
0.680000	0.853782	0.853782
0.682000	0.853782	0.853782
0.684000	0.853465	0.853465
0.686000	0.853465	0.853465
0.688000	0.853465	0.853465
0.690000	0.853782	0.853782
0.692000	0.853149	0.853149
0.694000	0.852517	0.852517
0.696000	0.853465	0.853465
0.698000	0.851569	0.851569
0.700000	0.853465	0.853465
0.702000	0.852201	0.852201
0.704000	0.852517	0.852517
0.706000	0.852833	0.852833
0.708000	0.853782	0.853782
0.710000	0.854414	0.854414
0.712000	0.853782	0.853782
0.714000	0.853465	0.853465
0.716000	0.853465	0.853465
0.718000	0.853782	0.853782
0.720000	0.854098	0.854098
0.722000	0.853149	0.853149
0.724000	0.851885	0.851885
0.726000	0.853782	0.853782
0.728000	0.852833	0.852833
0.730000	0.853782	0.853782
0.732000	0.852517	0.852517
0.734000	0.853465	0.853465
0.736000	0.852517	0.852517
0.738000	0.853465	0.853465
0.740000	0.853465	0.853465
0.742000	0.852833	0.852833
0.744000	0.853782	0.853782
0.746000	0.853465	0.853465
0.748000	0.854098	0.854098
0.750000	0.853465	0.853465
0.752000	0.852517	0.852517
0.754000	0.852517	0.852517
0.756000	0.853149	0.853149
0.758000	0.852517	0.852517
0.760000	0.853782	0.853782
0.762000	0.852833	0.852833
0.764000	0.853465	0.853465
0.766000	0.852201	0.852201
0.768000	0.853149	0.853149
0.770000	0.852201	0.852201
0.772000	0.853465	0.853465
0.774000	0.852833	0.852833
0.776000	0.854098	0.854098
0.778000	0.852833	0.852833
0.780000	0.853149	0.853149
0.782000	0.852517	0.852517
0.784000	0.852833	0.852833
0.786000	0.854098	0.854098
0.788000	0.853465	0.853465
0.790000	0.853149	0.853149
0.792000	0.851569	0.851569
0.794000	0.854730	0.854730
0.796000	0.851885	0.851885
0.798000	0.852833	0.852833
0.800000	0.852201	0.852201
0.802000	0.854098	0.854098
0.804000	0.850937	0.850937
0.806000	0.853149	0.853149
0.808000	0.852833	0.852833
0.810000	0.851885	0.851885
0.812000	0.854098	0.854098
0.814000	0.852517	0.852517
0.816000	0.853782	0.853782
0.818000	0.853782	0.853782
0.820000	0.853149	0.853149
0.822000	0.852201	0.852201
0.824000	0.850621	0.850621
0.826000	0.852833	0.852833
0.828000	0.853149	0.853149
0.830000	0.853782	0.853782
0.832000	0.852833	0.852833
0.834000	0.853782	0.853782
0.836000	0.854414	0.854414
0.838000	0.853465	0.853465
0.840000	0.852833	0.852833
0.842000	0.853149	0.853149
0.844000	0.852833	0.852833
0.846000	0.852833	0.852833
0.848000	0.853465	0.853465
0.850000	0.854098	0.854098
0.852000	0.854730	0.854730
0.854000	0.852201	0.852201
0.856000	0.852833	0.852833
0.858000	0.852201	0.852201
0.860000	0.852201	0.852201
0.862000	0.852201	0.852201
0.864000	0.854730	0.854730
0.866000	0.852201	0.852201
0.868000	0.854098	0.854098
0.870000	0.853149	0.853149
0.872000	0.853149	0.853149
0.874000	0.853465	0.853465
0.876000	0.853465	0.853465
0.878000	0.853465	0.853465
0.880000	0.853465	0.853465
0.882000	0.852201	0.852201
0.884000	0.853149	0.853149
0.886000	0.853782	0.853782
0.888000	0.854098	0.854098
0.890000	0.853465	0.853465
0.892000	0.855046	0.855046
0.894000	0.854414	0.854414
0.896000	0.853465	0.853465
0.898000	0.853782	0.853782
0.900000	0.853782	0.853782
0.902000	0.851885	0.851885
0.904000	0.851569	0.851569
0.906000	0.851253	0.851253
0.908000	0.852201	0.852201
0.910000	0.852833	0.852833
0.912000	0.852201	0.852201
0.914000	0.853465	0.853465
0.916000	0.852833	0.852833
0.918000	0.853465	0.853465
0.920000	0.852201	0.852201
0.922000	0.854730	0.854730
0.924000	0.853149	0.853149
0.926000	0.851885	0.851885
0.928000	0.852833	0.852833
0.930000	0.852517	0.852517
0.932000	0.853149	0.853149
0.934000	0.852833	0.852833
0.936000	0.852517	0.852517
0.938000	0.852833	0.852833
0.940000	0.853465	0.853465
0.942000	0.852833	0.852833
0.944000	0.852201	0.852201
0.946000	0.852833	0.852833
0.948000	0.852201	0.852201
0.950000	0.853149	0.853149
0.952000	0.852201	0.852201
0.954000	0.852833	0.852833
0.956000	0.853782	0.853782
0.958000	0.852517	0.852517
0.960000	0.852201	0.852201
0.962000	0.853465	0.853465
0.964000	0.852517	0.852517
0.966000	0.853465	0.853465
0.968000	0.851569	0.851569
0.970000	0.852201	0.852201
0.972000	0.852201	0.852201
0.974000	0.854098	0.854098
0.976000	0.854098	0.854098
0.978000	0.852201	0.852201
0.980000	0.851253	0.851253
0.982000	0.852517	0.852517
0.984000	0.853782	0.853782
0.986000	0.854098	0.854098
0.988000	0.852833	0.852833
0.990000	0.852201	0.852201
0.992000	0.853782	0.853782
0.994000	0.853465	0.853465
0.996000	0.852833	0.852833
0.998000	0.852517	0.852517
1.000000	0.853465	0.853465
1.002000	0.852833	0.852833
1.004000	0.854098	0.854098
1.006000	0.851885	0.851885
1.008000	0.851885	0.851885
1.010000	0.850621	0.850621
1.012000	0.852517	0.852517
1.014000	0.853465	0.853465
1.016000	0.853465	0.853465
1.018000	0.852833	0.852833
1.020000	0.852833	0.852833
1.022000	0.854730	0.854730
1.024000	0.853465	0.853465
1.026000	0.853782	0.853782
1.028000	0.852833	0.852833
1.030000	0.853149	0.853149
1.032000	0.852833	0.852833
1.034000	0.851885	0.851885
1.036000	0.853465	0.853465
1.038000	0.854098	0.854098
1.040000	0.853149	0.853149
1.042000	0.853782	0.853782
1.044000	0.853465	0.853465
1.046000	0.854414	0.854414
1.048000	0.854098	0.854098
1.050000	0.853149	0.853149
1.052000	0.853149	0.853149
1.054000	0.853149	0.853149
1.056000	0.853465	0.853465
1.058000	0.855046	0.855046
1.060000	0.854730	0.854730
1.062000	0.853782	0.853782
1.064000	0.853465	0.853465
1.066000	0.851885	0.851885
1.068000	0.853465	0.853465
1.070000	0.853149	0.853149
1.072000	0.853149	0.853149
1.074000	0.852201	0.852201
1.076000	0.850937	0.850937
1.078000	0.852517	0.852517
1.080000	0.851569	0.851569
1.082000	0.853149	0.853149
1.084000	0.853782	0.853782
1.086000	0.852833	0.852833
1.088000	0.853149	0.853149
1.090000	0.852517	0.852517
1.092000	0.852833	0.852833
1.094000	0.852201	0.852201
1.096000	0.853149	0.853149
1.098000	0.852833	0.852833
1.100000	0.851569	0.851569
1.102000	0.852201	0.852201
1.104000	0.852833	0.852833
1.106000	0.853465	0.853465
1.108000	0.852833	0.852833
1.110000	0.852201	0.852201
1.112000	0.852833	0.852833
1.114000	0.852517	0.852517
1.116000	0.853149	0.853149
1.118000	0.851253	0.851253
1.120000	0.852833	0.852833
1.122000	0.852833	0.852833
1.124000	0.853149	0.853149
1.126000	0.853465	0.853465
1.128000	0.854730	0.854730
1.130000	0.853149	0.853149
1.132000	0.851885	0.851885
1.134000	0.853465	0.853465
1.136000	0.852833	0.852833
1.138000	0.852201	0.852201
1.140000	0.854098	0.854098
1.142000	0.851569	0.851569
1.144000	0.854414	0.854414
1.146000	0.853149	0.853149
1.148000	0.853149	0.853149
1.150000	0.854098	0.854098
1.152000	0.852201	0.852201
1.154000	0.849989	0.849989
1.156000	0.852833	0.852833
1.158000	0.853149	0.853149
1.160000	0.852517	0.852517
1.162000	0.853782	0.853782
1.164000	0.851569	0.851569
1.166000	0.853149	0.853149
1.168000	0.854414	0.854414
1.170000	0.851885	0.851885
1.172000	0.851885	0.851885
1.174000	0.852201	0.852201
1.176000	0.852201	0.852201
1.178000	0.853782	0.853782
1.180000	0.853465	0.853465
1.182000	0.852833	0.852833
1.184000	0.852201	0.852201
1.186000	0.853465	0.853465
1.188000	0.853465	0.853465
1.190000	0.852517	0.852517
1.192000	0.852833	0.852833
1.194000	0.853782	0.853782
1.196000	0.852517	0.852517
1.198000	0.852201	0.852201
1.200000	0.854098	0.854098
1.202000	0.854098	0.854098
1.204000	0.854098	0.854098
1.206000	0.853465	0.853465
1.208000	0.853149	0.853149
1.210000	0.852833	0.852833
1.212000	0.853465	0.853465
1.214000	0.853465	0.853465
1.216000	0.853465	0.853465
1.218000	0.852517	0.852517
1.220000	0.853465	0.853465
1.222000	0.852833	0.852833
1.224000	0.853149	0.853149
1.226000	0.854730	0.854730
1.228000	0.852833	0.852833
1.230000	0.853782	0.853782
1.232000	0.852833	0.852833
1.234000	0.853782	0.853782
1.236000	0.853782	0.853782
1.238000	0.852517	0.852517
1.240000	0.854730	0.854730
1.242000	0.851253	0.851253
1.244000	0.854098	0.854098
1.246000	0.854098	0.854098
1.248000	0.852833	0.852833
1.250000	0.853782	0.853782
1.252000	0.853149	0.853149
1.254000	0.854098	0.854098
1.256000	0.853149	0.853149
1.258000	0.852833	0.852833
1.260000	0.855994	0.855994
1.262000	0.852833	0.852833
1.264000	0.852833	0.852833
1.266000	0.853782	0.853782
1.268000	0.853465	0.853465
1.270000	0.854098	0.854098
1.272000	0.854730	0.854730
1.274000	0.853465	0.853465
1.276000	0.853149	0.853149
1.278000	0.853149	0.853149
1.280000	0.852833	0.852833
1.282000	0.853782	0.853782
1.284000	0.854414	0.854414
1.286000	0.853149	0.853149
1.288000	0.854414	0.854414
1.290000	0.852833	0.852833
1.292000	0.853465	0.853465
1.294000	0.853465	0.853465
1.296000	0.853782	0.853782
1.298000	0.853782	0.853782
1.300000	0.852833	0.852833
1.302000	0.854730	0.854730
1.304000	0.852833	0.852833
1.306000	0.854098	0.854098
1.308000	0.853465	0.853465
1.310000	0.853782	0.853782
1.312000	0.854098	0.854098
1.314000	0.852833	0.852833
1.316000	0.854098	0.854098
1.318000	0.853782	0.853782
1.320000	0.853782	0.853782
1.322000	0.851253	0.851253
1.324000	0.854098	0.854098
1.326000	0.853465	0.853465
1.328000	0.852517	0.852517
1.330000	0.852201	0.852201
1.332000	0.853465	0.853465
1.334000	0.852201	0.852201
1.336000	0.852517	0.852517
1.338000	0.853465	0.853465
1.340000	0.853465	0.853465
1.342000	0.853149	0.853149
1.344000	0.854414	0.854414
1.346000	0.853782	0.853782
1.348000	0.852517	0.852517
1.350000	0.853149	0.853149
1.352000	0.853149	0.853149
1.354000	0.853465	0.853465
1.356000	0.851885	0.851885
1.358000	0.853465	0.853465
1.360000	0.852201	0.852201
1.362000	0.851885	0.851885
1.364000	0.852201	0.852201
1.366000	0.854414	0.854414
1.368000	0.853465	0.853465
1.370000	0.852201	0.852201
1.372000	0.854098	0.854098
1.374000	0.852517	0.852517
1.376000	0.853782	0.853782
1.378000	0.853782	0.853782
1.380000	0.854098	0.854098
1.382000	0.852201	0.852201
1.384000	0.853465	0.853465
1.386000	0.854098	0.854098
1.388000	0.853782	0.853782
1.390000	0.852201	0.852201
1.392000	0.852201	0.852201
1.394000	0.853465	0.853465
1.396000	0.854730	0.854730
1.398000	0.853782	0.853782
1.400000	0.852833	0.852833
1.402000	0.852517	0.852517
1.404000	0.853465	0.853465
1.406000	0.851253	0.851253
1.408000	0.853782	0.853782
1.410000	0.854098	0.854098
1.412000	0.853149	0.853149
1.414000	0.853782	0.853782
1.416000	0.853782	0.853782
1.418000	0.855046	0.855046
1.420000	0.853465	0.853465
1.422000	0.853465	0.853465
1.424000	0.852517	0.852517
1.426000	0.852201	0.852201
1.428000	0.853149	0.853149
1.430000	0.851569	0.851569
1.432000	0.854098	0.854098
1.434000	0.854098	0.854098
1.436000	0.853149	0.853149
1.438000	0.853782	0.853782
1.440000	0.852833	0.852833
1.442000	0.853782	0.853782
1.444000	0.852833	0.852833
1.446000	0.853149	0.853149
1.448000	0.853782	0.853782
1.450000	0.853782	0.853782
1.452000	0.853465	0.853465
1.454000	0.853149	0.853149
1.456000	0.853782	0.853782
1.458000	0.853782	0.853782
1.460000	0.852517	0.852517
1.462000	0.851253	0.851253
1.464000	0.853782	0.853782
1.466000	0.854730	0.854730
1.468000	0.853465	0.853465
1.470000	0.852833	0.852833
1.472000	0.851885	0.851885
1.474000	0.855046	0.855046
1.476000	0.853465	0.853465
1.478000	0.853149	0.853149
1.480000	0.851885	0.851885
1.482000	0.854730	0.854730
1.484000	0.854098	0.854098
1.486000	0.853465	0.853465
1.488000	0.854098	0.854098
1.490000	0.853465	0.853465
1.492000	0.852833	0.852833
1.494000	0.852833	0.852833
1.496000	0.853149	0.853149
1.498000	0.852201	0.852201
1.500000	0.852833	0.852833
1.502000	0.854098	0.854098
1.504000	0.852517	0.852517
1.506000	0.853465	0.853465
1.508000	0.852517	0.852517
1.510000	0.853149	0.853149
1.512000	0.855678	0.855678
1.514000	0.852201	0.852201
1.516000	0.853465	0.853465
1.518000	0.853149	0.853149
1.520000	0.853149	0.853149
1.522000	0.853782	0.853782
1.524000	0.852201	0.852201
1.526000	0.852833	0.852833
1.528000	0.854098	0.854098
1.530000	0.852833	0.852833
1.532000	0.851885	0.851885
1.534000	0.852201	0.852201
1.536000	0.853465	0.853465
1.538000	0.850937	0.850937
1.540000	0.854414	0.854414
1.542000	0.853782	0.853782
1.544000	0.854098	0.854098
1.546000	0.853782	0.853782
1.548000	0.854098	0.854098
1.550000	0.854098	0.854098
1.552000	0.852833	0.852833
1.554000	0.854098	0.854098
1.556000	0.854098	0.854098
1.558000	0.851253	0.851253
1.560000	0.853149	0.853149
1.562000	0.853782	0.853782
1.564000	0.853465	0.853465
1.566000	0.853149	0.853149
1.568000	0.853149	0.853149
1.570000	0.853782	0.853782
1.572000	0.852833	0.852833
1.574000	0.853465	0.853465
1.576000	0.855678	0.855678
1.578000	0.852833	0.852833
1.580000	0.852833	0.852833
1.582000	0.854098	0.854098
1.584000	0.853465	0.853465
1.586000	0.852201	0.852201
1.588000	0.852517	0.852517
1.590000	0.852833	0.852833
1.592000	0.851885	0.851885
1.594000	0.853782	0.853782
1.596000	0.852201	0.852201
1.598000	0.852833	0.852833
1.600000	0.853465	0.853465
1.602000	0.853149	0.853149
1.604000	0.853465	0.853465
1.606000	0.853465	0.853465
1.608000	0.854098	0.854098
1.610000	0.853465	0.853465
1.612000	0.853149	0.853149
1.614000	0.854098	0.854098
1.616000	0.853149	0.853149
1.618000	0.852833	0.852833
1.620000	0.853465	0.853465
1.622000	0.852833	0.852833
1.624000	0.853782	0.853782
1.626000	0.853149	0.853149
1.628000	0.853782	0.853782
1.630000	0.852833	0.852833
1.632000	0.852201	0.852201
1.634000	0.852833	0.852833
1.636000	0.853465	0.853465
1.638000	0.853782	0.853782
1.640000	0.852517	0.852517
1.642000	0.852201	0.852201
1.644000	0.854414	0.854414
1.646000	0.852833	0.852833
1.648000	0.852833	0.852833
1.650000	0.853149	0.853149
1.652000	0.853465	0.853465
1.654000	0.852201	0.852201
1.656000	0.850937	0.850937
1.658000	0.853465	0.853465
1.660000	0.852833	0.852833
1.662000	0.855362	0.855362
1.664000	0.852833	0.852833
1.666000	0.852517	0.852517
1.668000	0.853149	0.853149
1.670000	0.853465	0.853465
1.672000	0.853465	0.853465
1.674000	0.853149	0.853149
1.676000	0.853149	0.853149
1.678000	0.853782	0.853782
1.680000	0.852833	0.852833
1.682000	0.853465	0.853465
1.684000	0.853465	0.853465
1.686000	0.852517	0.852517
1.688000	0.854730	0.854730
1.690000	0.853465	0.853465
1.692000	0.852201	0.852201
1.694000	0.852833	0.852833
1.696000	0.853465	0.853465
1.698000	0.852201	0.852201
1.700000	0.851253	0.851253
1.702000	0.854730	0.854730
1.704000	0.854098	0.854098
1.706000	0.853465	0.853465
1.708000	0.854098	0.854098
1.710000	0.853465	0.853465
1.712000	0.853782	0.853782
1.714000	0.852517	0.852517
1.716000	0.851569	0.851569
1.718000	0.850937	0.850937
1.720000	0.852201	0.852201
1.722000	0.853782	0.853782
1.724000	0.852201	0.852201
1.726000	0.854414	0.854414
1.728000	0.852517	0.852517
1.730000	0.853465	0.853465
1.732000	0.854414	0.854414
1.734000	0.855994	0.855994
1.736000	0.853465	0.853465
1.738000	0.853782	0.853782
1.740000	0.849989	0.849989
1.742000	0.852517	0.852517
1.744000	0.853465	0.853465
1.746000	0.853782	0.853782
1.748000	0.853782	0.853782
1.750000	0.852833	0.852833
1.752000	0.854414	0.854414
1.754000	0.851569	0.851569
1.756000	0.852833	0.852833
1.758000	0.852833	0.852833
1.760000	0.851885	0.851885
1.762000	0.850621	0.850621
1.764000	0.853465	0.853465
1.766000	0.851885	0.851885
1.768000	0.853465	0.853465
1.770000	0.851569	0.851569
1.772000	0.853782	0.853782
1.774000	0.852833	0.852833
1.776000	0.852833	0.852833
1.778000	0.851569	0.851569
1.780000	0.853149	0.853149
1.782000	0.853149	0.853149
1.784000	0.852833	0.852833
1.786000	0.854730	0.854730
1.788000	0.854098	0.854098
1.790000	0.854098	0.854098
1.792000	0.852833	0.852833
1.794000	0.852833	0.852833
1.796000	0.852201	0.852201
1.798000	0.852833	0.852833
1.800000	0.854414	0.854414
1.802000	0.852517	0.852517
1.804000	0.852833	0.852833
1.806000	0.853465	0.853465
1.808000	0.854730	0.854730
1.810000	0.854098	0.854098
1.812000	0.853465	0.853465
1.814000	0.852833	0.852833
1.816000	0.852201	0.852201
1.818000	0.854098	0.854098
1.820000	0.853782	0.853782
1.822000	0.852201	0.852201
1.824000	0.853465	0.853465
1.826000	0.852201	0.852201
1.828000	0.854730	0.854730
1.830000	0.852833	0.852833
1.832000	0.854098	0.854098
1.834000	0.852833	0.852833
1.836000	0.853465	0.853465
1.838000	0.852833	0.852833
1.840000	0.852833	0.852833
1.842000	0.852201	0.852201
1.844000	0.853782	0.853782
1.846000	0.852201	0.852201
1.848000	0.853465	0.853465
1.850000	0.853149	0.853149
1.852000	0.855362	0.855362
1.854000	0.852517	0.852517
1.856000	0.852833	0.852833
1.858000	0.853149	0.853149
1.860000	0.852517	0.852517
1.862000	0.852201	0.852201
1.864000	0.852517	0.852517
1.866000	0.851885	0.851885
1.868000	0.851885	0.851885
1.870000	0.854098	0.854098
1.872000	0.852833	0.852833
1.874000	0.851885	0.851885
1.876000	0.853782	0.853782
1.878000	0.852517	0.852517
1.880000	0.852833	0.852833
1.882000	0.852201	0.852201
1.884000	0.853782	0.853782
1.886000	0.851885	0.851885
1.888000	0.853782	0.853782
1.890000	0.854730	0.854730
1.892000	0.852833	0.852833
1.894000	0.853149	0.853149
1.896000	0.852201	0.852201
1.898000	0.853149	0.853149
1.900000	0.853782	0.853782
1.902000	0.852833	0.852833
1.904000	0.854098	0.854098
1.906000	0.852833	0.852833
1.908000	0.852517	0.852517
1.910000	0.854098	0.854098
1.912000	0.854730	0.854730
1.914000	0.853149	0.853149
1.916000	0.852833	0.852833
1.918000	0.852201	0.852201
1.920000	0.854098	0.854098
1.922000	0.853149	0.853149
1.924000	0.852517	0.852517
1.926000	0.852833	0.852833
1.928000	0.852833	0.852833
1.930000	0.853782	0.853782
1.932000	0.853465	0.853465
1.934000	0.852833	0.852833
1.936000	0.851885	0.851885
1.938000	0.852201	0.852201
1.940000	0.853465	0.853465
1.942000	0.852517	0.852517
1.944000	0.853149	0.853149
1.946000	0.852201	0.852201
1.948000	0.851569	0.851569
1.950000	0.854730	0.854730
1.952000	0.853782	0.853782
1.954000	0.853465	0.853465
1.956000	0.853149	0.853149
1.958000	0.853465	0.853465
1.960000	0.853149	0.853149
1.962000	0.854098	0.854098
1.964000	0.852833	0.852833
1.966000	0.853782	0.853782
1.968000	0.852201	0.852201
1.970000	0.853465	0.853465
1.972000	0.853465	0.853465
1.974000	0.853465	0.853465
1.976000	0.853149	0.853149
1.978000	0.852833	0.852833
1.980000	0.852833	0.852833
1.982000	0.853465	0.853465
1.984000	0.852833	0.852833
1.986000	0.852833	0.852833
1.988000	0.852201	0.852201
1.990000	0.855046	0.855046
1.992000	0.853782	0.853782
1.994000	0.851253	0.851253
1.996000	0.852833	0.852833
1.998000	0.851885	0.851885
2.000000	0.852833	0.852833
2.002000	0.852833	0.852833
2.004000	0.852833	0.852833
2.006000	0.852833	0.852833
2.008000	0.855046	0.855046
2.010000	0.853782	0.853782
2.012000	0.853149	0.853149
2.014000	0.853782	0.853782
2.016000	0.853149	0.853149
2.018000	0.853149	0.853149
2.020000	0.853149	0.853149
2.022000	0.852201	0.852201
2.024000	0.854098	0.854098
2.026000	0.853465	0.853465
2.028000	0.853149	0.853149
2.030000	0.851885	0.851885
2.032000	0.851885	0.851885
2.034000	0.853149	0.853149
2.036000	0.852201	0.852201
2.038000	0.853149	0.853149
2.040000	0.852517	0.852517
2.042000	0.852201	0.852201
2.044000	0.852833	0.852833
2.046000	0.852201	0.852201
2.048000	0.852517	0.852517
2.050000	0.853465	0.853465
2.052000	0.854098	0.854098
2.054000	0.853782	0.853782
2.056000	0.851569	0.851569
2.058000	0.852517	0.852517
2.060000	0.852833	0.852833
2.062000	0.854730	0.854730
2.064000	0.853465	0.853465
2.066000	0.853149	0.853149
2.068000	0.855678	0.855678
2.070000	0.854730	0.854730
2.072000	0.853149	0.853149
2.074000	0.851885	0.851885
2.076000	0.851885	0.851885
2.078000	0.853465	0.853465
2.080000	0.853149	0.853149
2.082000	0.852201	0.852201
2.084000	0.853465	0.853465
2.086000	0.852201	0.852201
2.088000	0.853149	0.853149
2.090000	0.852833	0.852833
2.092000	0.853465	0.853465
2.094000	0.852517	0.852517
2.096000	0.853149	0.853149
2.098000	0.852201	0.852201
2.100000	0.851569	0.851569
2.102000	0.853465	0.853465
2.104000	0.853149	0.853149
2.106000	0.852833	0.852833
2.108000	0.853465	0.853465
2.110000	0.853782	0.853782
2.112000	0.851885	0.851885
2.114000	0.853465	0.853465
2.116000	0.854098	0.854098
2.118000	0.852833	0.852833
2.120000	0.853782	0.853782
2.122000	0.853149	0.853149
2.124000	0.854414	0.854414
2.126000	0.852833	0.852833
2.128000	0.854098	0.854098
2.130000	0.853782	0.853782
2.132000	0.852833	0.852833
2.134000	0.852833	0.852833
2.136000	0.853782	0.853782
2.138000	0.852833	0.852833
2.140000	0.854098	0.854098
2.142000	0.853782	0.853782
2.144000	0.852517	0.852517
2.146000	0.852833	0.852833
2.148000	0.852201	0.852201
2.150000	0.851885	0.851885
2.152000	0.852201	0.852201
2.154000	0.854098	0.854098
2.156000	0.855046	0.855046
2.158000	0.853465	0.853465
2.160000	0.853149	0.853149
2.162000	0.852517	0.852517
2.164000	0.851253	0.851253
2.166000	0.852833	0.852833
2.168000	0.853465	0.853465
2.170000	0.852833	0.852833
2.172000	0.853465	0.853465
2.174000	0.853465	0.853465
2.176000	0.851253	0.851253
2.178000	0.853149	0.853149
2.180000	0.853149	0.853149
2.182000	0.852833	0.852833
2.184000	0.853149	0.853149
2.186000	0.853782	0.853782
2.188000	0.853465	0.853465
2.190000	0.852517	0.852517
2.192000	0.853465	0.853465
2.194000	0.853149	0.853149
2.196000	0.853149	0.853149
2.198000	0.853465	0.853465
2.200000	0.854098	0.854098
2.202000	0.853465	0.853465
2.204000	0.854414	0.854414
2.206000	0.852201	0.852201
2.208000	0.852517	0.852517
2.210000	0.852833	0.852833
2.212000	0.851569	0.851569
2.214000	0.853149	0.853149
2.216000	0.854098	0.854098
2.218000	0.851885	0.851885
2.220000	0.852517	0.852517
2.222000	0.853465	0.853465
2.224000	0.853149	0.853149
2.226000	0.853465	0.853465
2.228000	0.852517	0.852517
2.230000	0.853149	0.853149
2.232000	0.852517	0.852517
2.234000	0.853149	0.853149
2.236000	0.853782	0.853782
2.238000	0.854098	0.854098
2.240000	0.852201	0.852201
2.242000	0.852201	0.852201
2.244000	0.853149	0.853149
2.246000	0.853782	0.853782
2.248000	0.852833	0.852833
2.250000	0.854730	0.854730
2.252000	0.854414	0.854414
2.254000	0.852517	0.852517
2.256000	0.853465	0.853465
2.258000	0.853465	0.853465
2.260000	0.853465	0.853465
2.262000	0.853782	0.853782
2.264000	0.852201	0.852201
2.266000	0.854098	0.854098
2.268000	0.852833	0.852833
2.270000	0.852833	0.852833
2.272000	0.852833	0.852833
2.274000	0.852517	0.852517
2.276000	0.853149	0.853149
2.278000	0.854098	0.854098
2.280000	0.853465	0.853465
2.282000	0.851253	0.851253
2.284000	0.852517	0.852517
2.286000	0.851885	0.851885
2.288000	0.852517	0.852517
2.290000	0.851569	0.851569
2.292000	0.851253	0.851253
2.294000	0.851885	0.851885
2.296000	0.854098	0.854098
2.298000	0.853465	0.853465
2.300000	0.853149	0.853149
2.302000	0.851885	0.851885
2.304000	0.853149	0.853149
2.306000	0.852833	0.852833
2.308000	0.853149	0.853149
2.310000	0.853782	0.853782
2.312000	0.854098	0.854098
2.314000	0.853465	0.853465
2.316000	0.853465	0.853465
2.318000	0.853149	0.853149
2.320000	0.852201	0.852201
2.322000	0.852517	0.852517
2.324000	0.852833	0.852833
2.326000	0.851885	0.851885
2.328000	0.852833	0.852833
2.330000	0.853782	0.853782
2.332000	0.852833	0.852833
2.334000	0.853782	0.853782
2.336000	0.853149	0.853149
2.338000	0.852833	0.852833
2.340000	0.854414	0.854414
2.342000	0.854414	0.854414
2.344000	0.854098	0.854098
2.346000	0.853465	0.853465
2.348000	0.853465	0.853465
2.350000	0.854730	0.854730
2.352000	0.853465	0.853465
2.354000	0.853149	0.853149
2.356000	0.854730	0.854730
2.358000	0.852517	0.852517
2.360000	0.854098	0.854098
2.362000	0.853782	0.853782
2.364000	0.852517	0.852517
2.366000	0.854414	0.854414
2.368000	0.853782	0.853782
2.370000	0.852201	0.852201
2.372000	0.853782	0.853782
2.374000	0.853149	0.853149
2.376000	0.852833	0.852833
2.378000	0.854098	0.854098
2.380000	0.852201	0.852201
2.382000	0.852833	0.852833
2.384000	0.852201	0.852201
2.386000	0.853465	0.853465
2.388000	0.853465	0.853465
2.390000	0.853465	0.853465
2.392000	0.853465	0.853465
2.394000	0.853465	0.853465
2.396000	0.853465	0.853465
2.398000	0.853465	0.853465
2.400000	0.852833	0.852833
2.402000	0.853782	0.853782
2.404000	0.852201	0.852201
2.406000	0.853149	0.853149
2.408000	0.854098	0.854098
2.410000	0.852201	0.852201
2.412000	0.853465	0.853465
2.414000	0.853465	0.853465
2.416000	0.852201	0.852201
2.418000	0.854730	0.854730
2.420000	0.853465	0.853465
2.422000	0.853465	0.853465
2.424000	0.852517	0.852517
2.426000	0.853465	0.853465
2.428000	0.854098	0.854098
2.430000	0.851253	0.851253
2.432000	0.852201	0.852201
2.434000	0.853465	0.853465
2.436000	0.853465	0.853465
2.438000	0.853465	0.853465
2.440000	0.852201	0.852201
2.442000	0.853782	0.853782
2.444000	0.852201	0.852201
2.446000	0.852833	0.852833
2.448000	0.854098	0.854098
2.450000	0.852517	0.852517
2.452000	0.854098	0.854098
2.454000	0.851569	0.851569
2.456000	0.852833	0.852833
2.458000	0.851253	0.851253
2.460000	0.852833	0.852833
2.462000	0.854730	0.854730
2.464000	0.852201	0.852201
2.466000	0.853465	0.853465
2.468000	0.853465	0.853465
2.470000	0.853782	0.853782
2.472000	0.855046	0.855046
2.474000	0.852201	0.852201
2.476000	0.852833	0.852833
2.478000	0.853465	0.853465
2.480000	0.852833	0.852833
2.482000	0.851885	0.851885
2.484000	0.851885	0.851885
2.486000	0.853465	0.853465
2.488000	0.854098	0.854098
2.490000	0.853782	0.853782
2.492000	0.854098	0.854098
2.494000	0.853465	0.853465
2.496000	0.854098	0.854098
2.498000	0.854098	0.854098
2.500000	0.853465	0.853465
2.502000	0.854098	0.854098
2.504000	0.852833	0.852833
2.506000	0.853149	0.853149
2.508000	0.853149	0.853149
2.510000	0.853465	0.853465
2.512000	0.852833	0.852833
2.514000	0.853782	0.853782
2.516000	0.853465	0.853465
2.518000	0.852201	0.852201
2.520000	0.853465	0.853465
2.522000	0.852833	0.852833
2.524000	0.853465	0.853465
2.526000	0.852517	0.852517
2.528000	0.853465	0.853465
2.530000	0.853465	0.853465
2.532000	0.852833	0.852833
2.534000	0.855046	0.855046
2.536000	0.853465	0.853465
2.538000	0.853465	0.853465
2.540000	0.853149	0.853149
2.542000	0.852833	0.852833
2.544000	0.852201	0.852201
2.546000	0.851885	0.851885
2.548000	0.853465	0.853465
2.550000	0.853149	0.853149
2.552000	0.853782	0.853782
2.554000	0.852517	0.852517
2.556000	0.852201	0.852201
2.558000	0.854098	0.854098
2.560000	0.851885	0.851885
2.562000	0.852517	0.852517
2.564000	0.854098	0.854098
2.566000	0.854414	0.854414
2.568000	0.853465	0.853465
2.570000	0.854730	0.854730
2.572000	0.852833	0.852833
2.574000	0.852833	0.852833
2.576000	0.852201	0.852201
2.578000	0.853782	0.853782
2.580000	0.852201	0.852201
2.582000	0.853782	0.853782
2.584000	0.852833	0.852833
2.586000	0.854098	0.854098
2.588000	0.854414	0.854414
2.590000	0.851569	0.851569
2.592000	0.851569	0.851569
2.594000	0.853149	0.853149
2.596000	0.853465	0.853465
2.598000	0.854098	0.854098
2.600000	0.853465	0.853465
2.602000	0.854414	0.854414
2.604000	0.854414	0.854414
2.606000	0.854098	0.854098
2.608000	0.852201	0.852201
2.610000	0.852517	0.852517
2.612000	0.853782	0.853782
2.614000	0.852517	0.852517
2.616000	0.852833	0.852833
2.618000	0.851885	0.851885
2.620000	0.852517	0.852517
2.622000	0.854414	0.854414
2.624000	0.854098	0.854098
2.626000	0.853149	0.853149
2.628000	0.852517	0.852517
2.630000	0.852833	0.852833
2.632000	0.852833	0.852833
2.634000	0.852833	0.852833
2.636000	0.854414	0.854414
2.638000	0.853149	0.853149
2.640000	0.853465	0.853465
2.642000	0.853782	0.853782
2.644000	0.852201	0.852201
2.646000	0.852833	0.852833
2.648000	0.852833	0.852833
2.650000	0.852201	0.852201
2.652000	0.854414	0.854414
2.654000	0.853465	0.853465
2.656000	0.852833	0.852833
2.658000	0.852201	0.852201
2.660000	0.853465	0.853465
2.662000	0.853782	0.853782
2.664000	0.854098	0.854098
2.666000	0.853782	0.853782
2.668000	0.852201	0.852201
2.670000	0.854098	0.854098
2.672000	0.853782	0.853782
2.674000	0.853465	0.853465
2.676000	0.853782	0.853782
2.678000	0.853782	0.853782
2.680000	0.851569	0.851569
2.682000	0.853149	0.853149
2.684000	0.853782	0.853782
2.686000	0.853465	0.853465
2.688000	0.854098	0.854098
2.690000	0.852201	0.852201
2.692000	0.854098	0.854098
2.694000	0.853782	0.853782
2.696000	0.853465	0.853465
2.698000	0.853465	0.853465
2.700000	0.852201	0.852201
2.702000	0.852833	0.852833
2.704000	0.853149	0.853149
2.706000	0.853465	0.853465
2.708000	0.852201	0.852201
2.710000	0.853465	0.853465
2.712000	0.853465	0.853465
2.714000	0.854730	0.854730
2.716000	0.852201	0.852201
2.718000	0.851885	0.851885
2.720000	0.853782	0.853782
2.722000	0.852201	0.852201
2.724000	0.853149	0.853149
2.726000	0.853465	0.853465
2.728000	0.854098	0.854098
2.730000	0.854414	0.854414
2.732000	0.852833	0.852833
2.734000	0.852833	0.852833
2.736000	0.853782	0.853782
2.738000	0.851253	0.851253
2.740000	0.853465	0.853465
2.742000	0.853149	0.853149
2.744000	0.854098	0.854098
2.746000	0.853465	0.853465
2.748000	0.853465	0.853465
2.750000	0.853465	0.853465
2.752000	0.852833	0.852833
2.754000	0.851885	0.851885
2.756000	0.853465	0.853465
2.758000	0.852517	0.852517
2.760000	0.852201	0.852201
2.762000	0.853782	0.853782
2.764000	0.852201	0.852201
2.766000	0.853149	0.853149
2.768000	0.852517	0.852517
2.770000	0.853465	0.853465
2.772000	0.851885	0.851885
2.774000	0.853149	0.853149
2.776000	0.854730	0.854730
2.778000	0.853782	0.853782
2.780000	0.852517	0.852517
2.782000	0.851885	0.851885
2.784000	0.853149	0.853149
2.786000	0.852833	0.852833
2.788000	0.854098	0.854098
2.790000	0.853149	0.853149
2.792000	0.852201	0.852201
2.794000	0.852201	0.852201
2.796000	0.851885	0.851885
2.798000	0.852201	0.852201
2.800000	0.854098	0.854098
2.802000	0.853149	0.853149
2.804000	0.854098	0.854098
2.806000	0.851569	0.851569
2.808000	0.853149	0.853149
2.810000	0.853465	0.853465
2.812000	0.852201	0.852201
2.814000	0.851253	0.851253
2.816000	0.852201	0.852201
2.818000	0.852833	0.852833
2.820000	0.851569	0.851569
2.822000	0.850305	0.850305
2.824000	0.851569	0.851569
2.826000	0.851253	0.851253
2.828000	0.851569	0.851569
2.830000	0.848724	0.848724
2.832000	0.848724	0.848724
2.834000	0.849041	0.849041
2.836000	0.848724	0.848724
2.838000	0.849041	0.849041
2.840000	0.850937	0.850937
2.842000	0.849041	0.849041
2.844000	0.848724	0.848724
2.846000	0.849041	0.849041
2.848000	0.846828	0.846828
2.850000	0.846196	0.846196
2.852000	0.841771	0.841771
2.854000	0.835766	0.835766
2.856000	0.826284	0.826284
2.858000	0.815854	0.815854
2.860000	0.823755	0.823755
2.862000	0.839559	0.839559
2.864000	0.845564	0.845564
2.866000	0.833869	0.833869
2.868000	0.817750	0.817750
2.870000	0.826916	0.826916
2.872000	0.846828	0.846828
2.874000	0.852201	0.852201
2.876000	0.837662	0.837662
2.878000	0.821227	0.821227
2.880000	0.825652	0.825652
2.882000	0.836398	0.836398
2.884000	0.847460	0.847460
2.886000	0.844616	0.844616
2.888000	0.832289	0.832289
2.890000	0.824387	0.824387
2.892000	0.830709	0.830709
2.894000	0.845564	0.845564
2.896000	0.852201	0.852201
2.898000	0.843983	0.843983
2.900000	0.831657	0.831657
2.902000	0.831973	0.831973
2.904000	0.844932	0.844932
2.906000	0.855046	0.855046
2.908000	0.848408	0.848408
2.910000	0.839875	0.839875
2.912000	0.836398	0.836398
2.914000	0.844616	0.844616
2.916000	0.852833	0.852833
2.918000	0.855362	0.855362
2.920000	0.848092	0.848092
2.922000	0.837662	0.837662
2.924000	0.841455	0.841455
2.926000	0.851569	0.851569
2.928000	0.857574	0.857574
2.930000	0.851885	0.851885
2.932000	0.841139	0.841139
2.934000	0.838294	0.838294
2.936000	0.848092	0.848092
2.938000	0.855994	0.855994
2.940000	0.853465	0.853465
2.942000	0.846196	0.846196
2.944000	0.840191	0.840191
2.946000	0.843351	0.843351
2.948000	0.853782	0.853782
2.950000	0.856942	0.856942
2.952000	0.852201	0.852201
2.954000	0.843667	0.843667
2.956000	0.843351	0.843351
2.958000	0.850621	0.850621
2.960000	0.858839	0.858839
2.962000	0.857890	0.857890
2.964000	0.850621	0.850621
2.966000	0.844300	0.844300
2.968000	0.848092	0.848092
2.970000	0.856310	0.856310
2.972000	0.858523	0.858523
2.974000	0.853149	0.853149
2.976000	0.844616	0.844616
2.978000	0.843983	0.843983
2.980000	0.851253	0.851253
2.982000	0.854098	0.854098
2.984000	0.847144	0.847144
2.986000	0.838610	0.838610
2.988000	0.839242	0.839242
2.990000	0.843351	0.843351
2.992000	0.849989	0.849989
2.994000	0.849673	0.849673
2.996000	0.840823	0.840823
2.998000	0.835450	0.835450
3.000000	0.836714	0.836714
3.002000	0.845248	0.845248
3.004000	0.851569	0.851569
3.006000	0.846512	0.846512
3.008000	0.838294	0.838294
3.010000	0.838610	0.838610
3.012000	0.846512	0.846512
3.014000	0.852201	0.852201
3.016000	0.849673	0.849673
3.018000	0.845248	0.845248
3.020000	0.841771	0.841771
3.022000	0.845248	0.845248
3.024000	0.851569	0.851569
3.026000	0.854098	0.854098
3.028000	0.851253	0.851253
3.030000	0.843035	0.843035
3.032000	0.843035	0.843035
3.034000	0.849357	0.849357
3.036000	0.854730	0.854730
3.038000	0.851569	0.851569
3.040000	0.845880	0.845880
3.042000	0.842087	0.842087
3.044000	0.846512	0.846512
3.046000	0.853465	0.853465
3.048000	0.852201	0.852201
3.050000	0.848724	0.848724
3.052000	0.844616	0.844616
3.054000	0.845248	0.845248
3.056000	0.850621	0.850621
3.058000	0.853149	0.853149
3.060000	0.849041	0.849041
3.062000	0.843983	0.843983
3.064000	0.841771	0.841771
3.066000	0.847144	0.847144
3.068000	0.851569	0.851569
3.070000	0.852833	0.852833
3.072000	0.845248	0.845248
3.074000	0.843035	0.843035
3.076000	0.845564	0.845564
3.078000	0.850305	0.850305
3.080000	0.851885	0.851885
3.082000	0.848724	0.848724
3.084000	0.845564	0.845564
3.086000	0.844932	0.844932
3.088000	0.848724	0.848724
3.090000	0.852201	0.852201
3.092000	0.851253	0.851253
3.094000	0.845880	0.845880
3.096000	0.844300	0.844300
3.098000	0.847776	0.847776
3.100000	0.850621	0.850621
3.102000	0.849041	0.849041
3.104000	0.848408	0.848408
3.106000	0.845880	0.845880
3.108000	0.844932	0.844932
3.110000	0.849357	0.849357
3.112000	0.851569	0.851569
3.114000	0.851569	0.851569
3.116000	0.843983	0.843983
3.118000	0.843035	0.843035
3.120000	0.847776	0.847776
3.122000	0.852201	0.852201
3.124000	0.850621	0.850621
3.126000	0.845880	0.845880
3.128000	0.844616	0.844616
3.130000	0.845564	0.845564
3.132000	0.849673	0.849673
3.134000	0.850305	0.850305
3.136000	0.849357	0.849357
3.138000	0.844300	0.844300
3.140000	0.843983	0.843983
3.142000	0.848408	0.848408
3.144000	0.849673	0.849673
3.146000	0.849357	0.849357
3.148000	0.846512	0.846512
3.150000	0.846196	0.846196
3.152000	0.846828	0.846828
3.154000	0.849041	0.849041
3.156000	0.849673	0.849673
3.158000	0.847144	0.847144
3.160000	0.845564	0.845564
3.162000	0.846512	0.846512
3.164000	0.849357	0.849357
3.166000	0.850937	0.850937
3.168000	0.849041	0.849041
3.170000	0.847144	0.847144
3.172000	0.844616	0.844616
3.174000	0.847776	0.847776
3.176000	0.849989	0.849989
3.178000	0.849041	0.849041
3.180000	0.847144	0.847144
3.182000	0.844932	0.844932
3.184000	0.846196	0.846196
3.186000	0.849041	0.849041
3.188000	0.850305	0.850305
3.190000	0.848092	0.848092
3.192000	0.844932	0.844932
3.194000	0.846196	0.846196
3.196000	0.846512	0.846512
3.198000	0.849357	0.849357
3.200000	0.849357	0.849357
3.202000	0.847460	0.847460
3.204000	0.847144	0.847144
3.206000	0.847776	0.847776
3.208000	0.849041	0.849041
3.210000	0.850937	0.850937
3.212000	0.849357	0.849357
3.214000	0.847460	0.847460
3.216000	0.844616	0.844616
3.218000	0.849041	0.849041
3.220000	0.849357	0.849357
3.222000	0.849673	0.849673
3.224000	0.847460	0.847460
3.226000	0.846196	0.846196
3.228000	0.848724	0.848724
3.230000	0.849041	0.849041
3.232000	0.849989	0.849989
3.234000	0.849673	0.849673
3.236000	0.846828	0.846828
3.238000	0.846196	0.846196
3.240000	0.847776	0.847776
3.242000	0.849041	0.849041
3.244000	0.850305	0.850305
3.246000	0.846828	0.846828
3.248000	0.847776	0.847776
3.250000	0.847776	0.847776
3.252000	0.849673	0.849673
3.254000	0.849673	0.849673
3.256000	0.848092	0.848092
3.258000	0.846196	0.846196
3.260000	0.846828	0.846828
3.262000	0.848408	0.848408
3.264000	0.849673	0.849673
3.266000	0.847460	0.847460
3.268000	0.846512	0.846512
3.270000	0.849041	0.849041
3.272000	0.847776	0.847776
3.274000	0.848724	0.848724
3.276000	0.848408	0.848408
3.278000	0.848408	0.848408
3.280000	0.847776	0.847776
3.282000	0.848408	0.848408
3.284000	0.848408	0.848408
3.286000	0.847776	0.847776
3.288000	0.848724	0.848724
3.290000	0.847144	0.847144
3.292000	0.847144	0.847144
3.294000	0.848408	0.848408
3.296000	0.848408	0.848408
3.298000	0.848724	0.848724
3.300000	0.848092	0.848092
3.302000	0.846196	0.846196
3.304000	0.848408	0.848408
3.306000	0.848724	0.848724
3.308000	0.848408	0.848408
3.310000	0.846828	0.846828
3.312000	0.846828	0.846828
3.314000	0.847144	0.847144
3.316000	0.849673	0.849673
3.318000	0.849357	0.849357
3.320000	0.847460	0.847460
3.322000	0.847144	0.847144
3.324000	0.847144	0.847144
3.326000	0.848408	0.848408
3.328000	0.849673	0.849673
3.330000	0.847460	0.847460
3.332000	0.847776	0.847776
3.334000	0.846512	0.846512
3.336000	0.846828	0.846828
3.338000	0.849673	0.849673
3.340000	0.848408	0.848408
3.342000	0.845564	0.845564
3.344000	0.846828	0.846828
3.346000	0.846196	0.846196
3.348000	0.849041	0.849041
3.350000	0.847144	0.847144
3.352000	0.847776	0.847776
3.354000	0.847144	0.847144
3.356000	0.845880	0.845880
3.358000	0.848408	0.848408
3.360000	0.848724	0.848724
3.362000	0.847776	0.847776
3.364000	0.847776	0.847776
3.366000	0.846512	0.846512
3.368000	0.849041	0.849041
3.370000	0.848092	0.848092
3.372000	0.847460	0.847460
3.374000	0.848408	0.848408
3.376000	0.849041	0.849041
3.378000	0.846512	0.846512
3.380000	0.849041	0.849041
3.382000	0.848724	0.848724
3.384000	0.847460	0.847460
3.386000	0.847144	0.847144
3.388000	0.848408	0.848408
3.390000	0.849989	0.849989
3.392000	0.848724	0.848724
3.394000	0.848408	0.848408
3.396000	0.850305	0.850305
3.398000	0.847144	0.847144
3.400000	0.847460	0.847460
3.402000	0.848724	0.848724
3.404000	0.848408	0.848408
3.406000	0.848408	0.848408
3.408000	0.847144	0.847144
3.410000	0.848092	0.848092
3.412000	0.847144	0.847144
3.414000	0.848724	0.848724
3.416000	0.848724	0.848724
3.418000	0.848408	0.848408
3.420000	0.845880	0.845880
3.422000	0.846828	0.846828
3.424000	0.846828	0.846828
3.426000	0.848408	0.848408
3.428000	0.849041	0.849041
3.430000	0.846828	0.846828
3.432000	0.849041	0.849041
3.434000	0.849041	0.849041
3.436000	0.849357	0.849357
3.438000	0.849989	0.849989
3.440000	0.848724	0.848724
3.442000	0.849357	0.849357
3.444000	0.847460	0.847460
3.446000	0.848092	0.848092
3.448000	0.849041	0.849041
3.450000	0.846512	0.846512
3.452000	0.848408	0.848408
3.454000	0.847460	0.847460
3.456000	0.848724	0.848724
3.458000	0.850305	0.850305
3.460000	0.849357	0.849357
3.462000	0.848408	0.848408
3.464000	0.849041	0.849041
3.466000	0.849357	0.849357
3.468000	0.848408	0.848408
3.470000	0.849673	0.849673
3.472000	0.849041	0.849041
3.474000	0.849041	0.849041
3.476000	0.847776	0.847776
3.478000	0.848408	0.848408
3.480000	0.848724	0.848724
3.482000	0.848724	0.848724
3.484000	0.847144	0.847144
3.486000	0.849673	0.849673
3.488000	0.848408	0.848408
3.490000	0.849041	0.849041
3.492000	0.850937	0.850937
3.494000	0.848408	0.848408
3.496000	0.849041	0.849041
3.498000	0.848092	0.848092
3.500000	0.849041	0.849041
3.502000	0.849357	0.849357
3.504000	0.848724	0.848724
3.506000	0.848408	0.848408
3.508000	0.846512	0.846512
3.510000	0.848408	0.848408
3.512000	0.849673	0.849673
3.514000	0.850305	0.850305
3.516000	0.846512	0.846512
3.518000	0.848092	0.848092
3.520000	0.847144	0.847144
3.522000	0.847460	0.847460
3.524000	0.848408	0.848408
3.526000	0.848408	0.848408
3.528000	0.847144	0.847144
3.530000	0.847776	0.847776
3.532000	0.846828	0.846828
3.534000	0.848408	0.848408
3.536000	0.848408	0.848408
3.538000	0.847460	0.847460
3.540000	0.848408	0.848408
3.542000	0.848408	0.848408
3.544000	0.848408	0.848408
3.546000	0.848092	0.848092
3.548000	0.845880	0.845880
3.550000	0.847776	0.847776
3.552000	0.847460	0.847460
3.554000	0.848092	0.848092
3.556000	0.848724	0.848724
3.558000	0.849041	0.849041
3.560000	0.847460	0.847460
3.562000	0.847460	0.847460
3.564000	0.846512	0.846512
3.566000	0.848092	0.848092
3.568000	0.848092	0.848092
3.570000	0.849989	0.849989
3.572000	0.846828	0.846828
3.574000	0.848408	0.848408
3.576000	0.849357	0.849357
3.578000	0.848092	0.848092
3.580000	0.849041	0.849041
3.582000	0.847776	0.847776
3.584000	0.847460	0.847460
3.586000	0.847460	0.847460
3.588000	0.849041	0.849041
3.590000	0.848092	0.848092
3.592000	0.848092	0.848092
3.594000	0.847460	0.847460
3.596000	0.848724	0.848724
3.598000	0.850305	0.850305
3.600000	0.850305	0.850305
3.602000	0.849041	0.849041
3.604000	0.848092	0.848092
3.606000	0.849041	0.849041
3.608000	0.849673	0.849673
3.610000	0.850305	0.850305
3.612000	0.849357	0.849357
3.614000	0.849989	0.849989
3.616000	0.848408	0.848408
3.618000	0.849989	0.849989
3.620000	0.849673	0.849673
3.622000	0.848408	0.848408
3.624000	0.849673	0.849673
3.626000	0.848408	0.848408
3.628000	0.848408	0.848408
3.630000	0.849041	0.849041
3.632000	0.849357	0.849357
3.634000	0.849041	0.849041
3.636000	0.847776	0.847776
3.638000	0.847460	0.847460
3.640000	0.848408	0.848408
3.642000	0.848724	0.848724
3.644000	0.849357	0.849357
3.646000	0.847460	0.847460
3.648000	0.847776	0.847776
3.650000	0.847460	0.847460
3.652000	0.849357	0.849357
3.654000	0.848724	0.848724
3.656000	0.847144	0.847144
3.658000	0.847460	0.847460
3.660000	0.848408	0.848408
3.662000	0.848724	0.848724
3.664000	0.848724	0.848724
3.666000	0.847776	0.847776
3.668000	0.849357	0.849357
3.670000	0.847460	0.847460
3.672000	0.847776	0.847776
3.674000	0.850305	0.850305
3.676000	0.846828	0.846828
3.678000	0.847144	0.847144
3.680000	0.848408	0.848408
3.682000	0.849357	0.849357
3.684000	0.847776	0.847776
3.686000	0.848092	0.848092
3.688000	0.848724	0.848724
3.690000	0.848408	0.848408
3.692000	0.849041	0.849041
3.694000	0.848408	0.848408
3.696000	0.849989	0.849989
3.698000	0.849357	0.849357
3.700000	0.848724	0.848724
3.702000	0.847776	0.847776
3.704000	0.847776	0.847776
3.706000	0.850621	0.850621
3.708000	0.848724	0.848724
3.710000	0.849673	0.849673
3.712000	0.847460	0.847460
3.714000	0.848408	0.848408
3.716000	0.848408	0.848408
3.718000	0.849673	0.849673
3.720000	0.847144	0.847144
3.722000	0.848408	0.848408
3.724000	0.848724	0.848724
3.726000	0.849041	0.849041
3.728000	0.848408	0.848408
3.730000	0.849989	0.849989
3.732000	0.849673	0.849673
3.734000	0.848724	0.848724
3.736000	0.847460	0.847460
3.738000	0.847776	0.847776
3.740000	0.848724	0.848724
3.742000	0.849673	0.849673
3.744000	0.849357	0.849357
3.746000	0.848092	0.848092
3.748000	0.848408	0.848408
3.750000	0.848092	0.848092
3.752000	0.849041	0.849041
3.754000	0.849041	0.849041
3.756000	0.848092	0.848092
3.758000	0.849357	0.849357
3.760000	0.849357	0.849357
3.762000	0.848408	0.848408
3.764000	0.847776	0.847776
3.766000	0.848408	0.848408
3.768000	0.848724	0.848724
3.770000	0.849041	0.849041
3.772000	0.848724	0.848724
3.774000	0.848408	0.848408
3.776000	0.849673	0.849673
3.778000	0.849041	0.849041
3.780000	0.849989	0.849989
3.782000	0.849041	0.849041
3.784000	0.848724	0.848724
3.786000	0.849673	0.849673
3.788000	0.848408	0.848408
3.790000	0.848092	0.848092
3.792000	0.848724	0.848724
3.794000	0.849357	0.849357
3.796000	0.848408	0.848408
3.798000	0.847460	0.847460
3.800000	0.848408	0.848408
3.802000	0.848408	0.848408
3.804000	0.848724	0.848724
3.806000	0.848724	0.848724
3.808000	0.849673	0.849673
3.810000	0.850305	0.850305
3.812000	0.849673	0.849673
3.814000	0.850305	0.850305
3.816000	0.847776	0.847776
3.818000	0.849041	0.849041
3.820000	0.849041	0.849041
3.822000	0.848408	0.848408
3.824000	0.848408	0.848408
3.826000	0.848408	0.848408
3.828000	0.848408	0.848408
3.830000	0.848408	0.848408
3.832000	0.849041	0.849041
3.834000	0.847776	0.847776
3.836000	0.849673	0.849673
3.838000	0.849041	0.849041
3.840000	0.847776	0.847776
3.842000	0.849673	0.849673
3.844000	0.847776	0.847776
3.846000	0.849041	0.849041
3.848000	0.847460	0.847460
3.850000	0.849357	0.849357
3.852000	0.847460	0.847460
3.854000	0.847776	0.847776
3.856000	0.847776	0.847776
3.858000	0.850305	0.850305
3.860000	0.849357	0.849357
3.862000	0.848724	0.848724
3.864000	0.849041	0.849041
3.866000	0.849041	0.849041
3.868000	0.849989	0.849989
3.870000	0.849989	0.849989
3.872000	0.850937	0.850937
3.874000	0.849357	0.849357
3.876000	0.849989	0.849989
3.878000	0.849357	0.849357
3.880000	0.849673	0.849673
3.882000	0.850937	0.850937
3.884000	0.850305	0.850305
3.886000	0.849989	0.849989
3.888000	0.850305	0.850305
3.890000	0.849673	0.849673
3.892000	0.849673	0.849673
3.894000	0.849357	0.849357
3.896000	0.849673	0.849673
3.898000	0.850937	0.850937
3.900000	0.850937	0.850937
3.902000	0.849673	0.849673
3.904000	0.849357	0.849357
3.906000	0.849989	0.849989
3.908000	0.847776	0.847776
3.910000	0.851569	0.851569
3.912000	0.850937	0.850937
3.914000	0.850937	0.850937
3.916000	0.849989	0.849989
3.918000	0.849357	0.849357
3.920000	0.849357	0.849357
3.922000	0.849989	0.849989
3.924000	0.849041	0.849041
3.926000	0.848724	0.848724
3.928000	0.850937	0.850937
3.930000	0.846512	0.846512
3.932000	0.849357	0.849357
3.934000	0.848724	0.848724
3.936000	0.848092	0.848092
3.938000	0.849041	0.849041
3.940000	0.847776	0.847776
3.942000	0.848724	0.848724
3.944000	0.848092	0.848092
3.946000	0.848724	0.848724
3.948000	0.848724	0.848724
3.950000	0.849041	0.849041
3.952000	0.849041	0.849041
3.954000	0.849989	0.849989
3.956000	0.849041	0.849041
3.958000	0.849989	0.849989
3.960000	0.848408	0.848408
3.962000	0.849989	0.849989
3.964000	0.849041	0.849041
3.966000	0.848408	0.848408
3.968000	0.849989	0.849989
3.970000	0.849673	0.849673
3.972000	0.849673	0.849673
3.974000	0.849989	0.849989
3.976000	0.849041	0.849041
3.978000	0.846512	0.846512
3.980000	0.849357	0.849357
3.982000	0.849041	0.849041
3.984000	0.849357	0.849357
3.986000	0.849673	0.849673
3.988000	0.849041	0.849041
3.990000	0.848408	0.848408
3.992000	0.848408	0.848408
3.994000	0.849041	0.849041
3.996000	0.848724	0.848724
3.998000	0.848092	0.848092
4.000000	0.851885	0.851885
4.002000	0.848092	0.848092
4.004000	0.849673	0.849673
4.006000	0.849041	0.849041
4.008000	0.848408	0.848408
4.010000	0.849989	0.849989
4.012000	0.848408	0.848408
4.014000	0.848092	0.848092
4.016000	0.849989	0.849989
4.018000	0.848408	0.848408
4.020000	0.849673	0.849673
4.022000	0.847776	0.847776
4.024000	0.849357	0.849357
4.026000	0.849989	0.849989
4.028000	0.848408	0.848408
4.030000	0.848724	0.848724
4.032000	0.849357	0.849357
4.034000	0.849673	0.849673
4.036000	0.849989	0.849989
4.038000	0.849673	0.849673
4.040000	0.849989	0.849989
4.042000	0.850621	0.850621
4.044000	0.849989	0.849989
4.046000	0.848724	0.848724
4.048000	0.849989	0.849989
4.050000	0.849041	0.849041
4.052000	0.849041	0.849041
4.054000	0.849673	0.849673
4.056000	0.849041	0.849041
4.058000	0.848724	0.848724
4.060000	0.851253	0.851253
4.062000	0.847144	0.847144
4.064000	0.849041	0.849041
4.066000	0.848092	0.848092
4.068000	0.849357	0.849357
4.070000	0.849989	0.849989
4.072000	0.849673	0.849673
4.074000	0.849041	0.849041
4.076000	0.849673	0.849673
4.078000	0.849673	0.849673
4.080000	0.847776	0.847776
4.082000	0.849357	0.849357
4.084000	0.848724	0.848724
4.086000	0.849357	0.849357
4.088000	0.849357	0.849357
4.090000	0.849989	0.849989
4.092000	0.849673	0.849673
4.094000	0.850305	0.850305
4.096000	0.848724	0.848724
4.098000	0.849041	0.849041
4.100000	0.849673	0.849673
4.102000	0.849357	0.849357
4.104000	0.849357	0.849357
4.106000	0.849989	0.849989
4.108000	0.851253	0.851253
4.110000	0.849673	0.849673
4.112000	0.849989	0.849989
4.114000	0.849357	0.849357
4.116000	0.849357	0.849357
4.118000	0.849041	0.849041
4.120000	0.850621	0.850621
4.122000	0.849041	0.849041
4.124000	0.849673	0.849673
4.126000	0.849357	0.849357
4.128000	0.849357	0.849357
4.130000	0.850305	0.850305
4.132000	0.851253	0.851253
4.134000	0.848092	0.848092
4.136000	0.849041	0.849041
4.138000	0.849673	0.849673
4.140000	0.851253	0.851253
4.142000	0.850305	0.850305
4.144000	0.849673	0.849673
4.146000	0.849989	0.849989
4.148000	0.850621	0.850621
4.150000	0.849357	0.849357
4.152000	0.849673	0.849673
4.154000	0.849989	0.849989
4.156000	0.849673	0.849673
4.158000	0.850621	0.850621
4.160000	0.848724	0.848724
4.162000	0.851253	0.851253
4.164000	0.849673	0.849673
4.166000	0.849673	0.849673
4.168000	0.850621	0.850621
4.170000	0.850937	0.850937
4.172000	0.849989	0.849989
4.174000	0.850621	0.850621
4.176000	0.849673	0.849673
4.178000	0.849041	0.849041
4.180000	0.850621	0.850621
4.182000	0.850305	0.850305
4.184000	0.850937	0.850937
4.186000	0.849989	0.849989
4.188000	0.850937	0.850937
4.190000	0.849989	0.849989
4.192000	0.850621	0.850621
4.194000	0.850305	0.850305
4.196000	0.849357	0.849357
4.198000	0.850621	0.850621
4.200000	0.850621	0.850621
4.202000	0.851253	0.851253
4.204000	0.850305	0.850305
4.206000	0.849989	0.849989
4.208000	0.849357	0.849357
4.210000	0.850305	0.850305
4.212000	0.849041	0.849041
4.214000	0.850937	0.850937
4.216000	0.849673	0.849673
4.218000	0.849989	0.849989
4.220000	0.848724	0.848724
4.222000	0.849989	0.849989
4.224000	0.849673	0.849673
4.226000	0.849673	0.849673
4.228000	0.849673	0.849673
4.230000	0.849357	0.849357
4.232000	0.849041	0.849041
4.234000	0.850305	0.850305
4.236000	0.849673	0.849673
4.238000	0.849041	0.849041
4.240000	0.849989	0.849989
4.242000	0.848724	0.848724
4.244000	0.850305	0.850305
4.246000	0.848408	0.848408
4.248000	0.847460	0.847460
4.250000	0.849357	0.849357
4.252000	0.849041	0.849041
4.254000	0.850937	0.850937
4.256000	0.849673	0.849673
4.258000	0.850937	0.850937
4.260000	0.849357	0.849357
4.262000	0.848092	0.848092
4.264000	0.848724	0.848724
4.266000	0.850937	0.850937
4.268000	0.848724	0.848724
4.270000	0.850937	0.850937
4.272000	0.849041	0.849041
4.274000	0.849673	0.849673
4.276000	0.849673	0.849673
4.278000	0.848092	0.848092
4.280000	0.850305	0.850305
4.282000	0.848724	0.848724
4.284000	0.849673	0.849673
4.286000	0.850937	0.850937
4.288000	0.851569	0.851569
4.290000	0.849357	0.849357
4.292000	0.851253	0.851253
4.294000	0.850621	0.850621
4.296000	0.849989	0.849989
4.298000	0.852201	0.852201
4.300000	0.850937	0.850937
4.302000	0.850621	0.850621
4.304000	0.849041	0.849041
4.306000	0.849673	0.849673
4.308000	0.849357	0.849357
4.310000	0.850937	0.850937
4.312000	0.851253	0.851253
4.314000	0.850621	0.850621
4.316000	0.851253	0.851253
4.318000	0.851569	0.851569
4.320000	0.848408	0.848408
4.322000	0.851569	0.851569
4.324000	0.851885	0.851885
4.326000	0.849989	0.849989
4.328000	0.849673	0.849673
4.330000	0.849041	0.849041
4.332000	0.850621	0.850621
4.334000	0.850305	0.850305
4.336000	0.848408	0.848408
4.338000	0.851253	0.851253
4.340000	0.849357	0.849357
4.342000	0.850305	0.850305
4.344000	0.852201	0.852201
4.346000	0.849041	0.849041
4.348000	0.850305	0.850305
4.350000	0.849041	0.849041
4.352000	0.849357	0.849357
4.354000	0.851253	0.851253
4.356000	0.850305	0.850305
4.358000	0.849673	0.849673
4.360000	0.850305	0.850305
4.362000	0.849989	0.849989
4.364000	0.849673	0.849673
4.366000	0.849989	0.849989
4.368000	0.849673	0.849673
4.370000	0.850937	0.850937
4.372000	0.850937	0.850937
4.374000	0.849989	0.849989
4.376000	0.850937	0.850937
4.378000	0.849989	0.849989
4.380000	0.849989	0.849989
4.382000	0.850621	0.850621
4.384000	0.849673	0.849673
4.386000	0.850621	0.850621
4.388000	0.850305	0.850305
4.390000	0.849989	0.849989
4.392000	0.850305	0.850305
4.394000	0.849673	0.849673
4.396000	0.851885	0.851885
4.398000	0.849673	0.849673
4.400000	0.850621	0.850621
4.402000	0.850621	0.850621
4.404000	0.849041	0.849041
4.406000	0.849357	0.849357
4.408000	0.849673	0.849673
4.410000	0.852201	0.852201
4.412000	0.850937	0.850937
4.414000	0.851253	0.851253
4.416000	0.849673	0.849673
4.418000	0.850937	0.850937
4.420000	0.850305	0.850305
4.422000	0.849989	0.849989
4.424000	0.851253	0.851253
4.426000	0.850621	0.850621
4.428000	0.850937	0.850937
4.430000	0.852201	0.852201
4.432000	0.851569	0.851569
4.434000	0.849989	0.849989
4.436000	0.850937	0.850937
4.438000	0.852201	0.852201
4.440000	0.850621	0.850621
4.442000	0.851885	0.851885
4.444000	0.850621	0.850621
4.446000	0.850937	0.850937
4.448000	0.850305	0.850305
4.450000	0.850937	0.850937
4.452000	0.849989	0.849989
4.454000	0.851569	0.851569
4.456000	0.849041	0.849041
4.458000	0.850937	0.850937
4.460000	0.852201	0.852201
4.462000	0.851253	0.851253
4.464000	0.851885	0.851885
4.466000	0.849673	0.849673
4.468000	0.850305	0.850305
4.470000	0.849673	0.849673
4.472000	0.849673	0.849673
4.474000	0.850305	0.850305
4.476000	0.849673	0.849673
4.478000	0.849357	0.849357
4.480000	0.849041	0.849041
4.482000	0.849673	0.849673
4.484000	0.850305	0.850305
4.486000	0.850937	0.850937
4.488000	0.849673	0.849673
4.490000	0.849673	0.849673
4.492000	0.850937	0.850937
4.494000	0.850621	0.850621
4.496000	0.849673	0.849673
4.498000	0.849673	0.849673
4.500000	0.850305	0.850305
4.502000	0.850621	0.850621
4.504000	0.851253	0.851253
4.506000	0.849357	0.849357
4.508000	0.850621	0.850621
4.510000	0.850937	0.850937
4.512000	0.851569	0.851569
4.514000	0.849989	0.849989
4.516000	0.851569	0.851569
4.518000	0.850621	0.850621
4.520000	0.851253	0.851253
4.522000	0.851569	0.851569
4.524000	0.850937	0.850937
4.526000	0.849989	0.849989
4.528000	0.850937	0.850937
4.530000	0.851885	0.851885
4.532000	0.849357	0.849357
4.534000	0.851253	0.851253
4.536000	0.852201	0.852201
4.538000	0.850937	0.850937
4.540000	0.851885	0.851885
4.542000	0.852833	0.852833
4.544000	0.850937	0.850937
4.546000	0.850937	0.850937
4.548000	0.849357	0.849357
4.550000	0.851253	0.851253
4.552000	0.850937	0.850937
4.554000	0.851569	0.851569
4.556000	0.850621	0.850621
4.558000	0.850937	0.850937
4.560000	0.851569	0.851569
4.562000	0.850937	0.850937
4.564000	0.849989	0.849989
4.566000	0.850305	0.850305
4.568000	0.850305	0.850305
4.570000	0.851253	0.851253
4.572000	0.849673	0.849673
4.574000	0.850305	0.850305
4.576000	0.850937	0.850937
4.578000	0.850937	0.850937
4.580000	0.851569	0.851569
4.582000	0.851253	0.851253
4.584000	0.849357	0.849357
4.586000	0.850305	0.850305
4.588000	0.851569	0.851569
4.590000	0.849041	0.849041
4.592000	0.851569	0.851569
4.594000	0.850937	0.850937
4.596000	0.850305	0.850305
4.598000	0.851569	0.851569
4.600000	0.851569	0.851569
4.602000	0.849673	0.849673
4.604000	0.850937	0.850937
4.606000	0.850305	0.850305
4.608000	0.850621	0.850621
4.610000	0.849357	0.849357
4.612000	0.849357	0.849357
4.614000	0.849989	0.849989
4.616000	0.850937	0.850937
4.618000	0.850305	0.850305
4.620000	0.850937	0.850937
4.622000	0.849989	0.849989
4.624000	0.850621	0.850621
4.626000	0.849673	0.849673
4.628000	0.849357	0.849357
4.630000	0.850305	0.850305
4.632000	0.850305	0.850305
4.634000	0.850937	0.850937
4.636000	0.850305	0.850305
4.638000	0.850621	0.850621
4.640000	0.850621	0.850621
4.642000	0.849041	0.849041
4.644000	0.849673	0.849673
4.646000	0.851569	0.851569
4.648000	0.851569	0.851569
4.650000	0.849673	0.849673
4.652000	0.851253	0.851253
4.654000	0.850937	0.850937
4.656000	0.851253	0.851253
4.658000	0.849673	0.849673
4.660000	0.851569	0.851569
4.662000	0.850621	0.850621
4.664000	0.851253	0.851253
4.666000	0.851569	0.851569
4.668000	0.849041	0.849041
4.670000	0.849357	0.849357
4.672000	0.848724	0.848724
4.674000	0.850937	0.850937
4.676000	0.849357	0.849357
4.678000	0.850305	0.850305
4.680000	0.849673	0.849673
4.682000	0.849989	0.849989
4.684000	0.849673	0.849673
4.686000	0.851253	0.851253
4.688000	0.850937	0.850937
4.690000	0.850305	0.850305
4.692000	0.852201	0.852201
4.694000	0.850305	0.850305
4.696000	0.850937	0.850937
4.698000	0.850305	0.850305
4.700000	0.850937	0.850937
4.702000	0.851885	0.851885
4.704000	0.850621	0.850621
4.706000	0.850621	0.850621
4.708000	0.852201	0.852201
4.710000	0.849673	0.849673
4.712000	0.852201	0.852201
4.714000	0.849673	0.849673
4.716000	0.851253	0.851253
4.718000	0.849673	0.849673
4.720000	0.850937	0.850937
4.722000	0.849989	0.849989
4.724000	0.852517	0.852517
4.726000	0.849673	0.849673
4.728000	0.850305	0.850305
4.730000	0.851569	0.851569
4.732000	0.850621	0.850621
4.734000	0.849989	0.849989
4.736000	0.851569	0.851569
4.738000	0.850937	0.850937
4.740000	0.850305	0.850305
4.742000	0.851569	0.851569
4.744000	0.851253	0.851253
4.746000	0.849041	0.849041
4.748000	0.852201	0.852201
4.750000	0.850621	0.850621
4.752000	0.851569	0.851569
4.754000	0.850937	0.850937
4.756000	0.850621	0.850621
4.758000	0.849673	0.849673
4.760000	0.849041	0.849041
4.762000	0.849673	0.849673
4.764000	0.850937	0.850937
4.766000	0.850621	0.850621
4.768000	0.849989	0.849989
4.770000	0.850937	0.850937
4.772000	0.849673	0.849673
4.774000	0.849041	0.849041
4.776000	0.850621	0.850621
4.778000	0.850305	0.850305
4.780000	0.848408	0.848408
4.782000	0.852201	0.852201
4.784000	0.850621	0.850621
4.786000	0.850937	0.850937
4.788000	0.850621	0.850621
4.790000	0.850305	0.850305
4.792000	0.849673	0.849673
4.794000	0.851253	0.851253
4.796000	0.849673	0.849673
4.798000	0.850305	0.850305
4.800000	0.849357	0.849357
4.802000	0.850621	0.850621
4.804000	0.850937	0.850937
4.806000	0.849041	0.849041
4.808000	0.849357	0.849357
4.810000	0.850937	0.850937
4.812000	0.849989	0.849989
4.814000	0.849673	0.849673
4.816000	0.851569	0.851569
4.818000	0.850305	0.850305
4.820000	0.849357	0.849357
4.822000	0.850305	0.850305
4.824000	0.851253	0.851253
4.826000	0.850937	0.850937
4.828000	0.850305	0.850305
4.830000	0.850305	0.850305
4.832000	0.849989	0.849989
4.834000	0.852201	0.852201
4.836000	0.849041	0.849041
4.838000	0.849989	0.849989
4.840000	0.849673	0.849673
4.842000	0.849041	0.849041
4.844000	0.849989	0.849989
4.846000	0.849673	0.849673
4.848000	0.851569	0.851569
4.850000	0.849357	0.849357
4.852000	0.849989	0.849989
4.854000	0.848408	0.848408
4.856000	0.850621	0.850621
4.858000	0.850305	0.850305
4.860000	0.850621	0.850621
4.862000	0.851253	0.851253
4.864000	0.850937	0.850937
4.866000	0.851569	0.851569
4.868000	0.851569	0.851569
4.870000	0.850621	0.850621
4.872000	0.851569	0.851569
4.874000	0.850305	0.850305
4.876000	0.851253	0.851253
4.878000	0.851253	0.851253
4.880000	0.850305	0.850305
4.882000	0.849989	0.849989
4.884000	0.850305	0.850305
4.886000	0.850621	0.850621
4.888000	0.851569	0.851569
4.890000	0.852201	0.852201
4.892000	0.849989	0.849989
4.894000	0.850305	0.850305
4.896000	0.850621	0.850621
4.898000	0.851253	0.851253
4.900000	0.850937	0.850937
4.902000	0.851253	0.851253
4.904000	0.850305	0.850305
4.906000	0.850937	0.850937
4.908000	0.850305	0.850305
4.910000	0.850305	0.850305
4.912000	0.852517	0.852517
4.914000	0.850937	0.850937
4.916000	0.851569	0.851569
4.918000	0.850937	0.850937
4.920000	0.851569	0.851569
4.922000	0.851253	0.851253
4.924000	0.851569	0.851569
4.926000	0.852201	0.852201
4.928000	0.852201	0.852201
4.930000	0.850937	0.850937
4.932000	0.851253	0.851253
4.934000	0.850621	0.850621
4.936000	0.849673	0.849673
4.938000	0.850937	0.850937
4.940000	0.849989	0.849989
4.942000	0.850937	0.850937
4.944000	0.850621	0.850621
4.946000	0.849041	0.849041
4.948000	0.849673	0.849673
4.950000	0.850305	0.850305
4.952000	0.850621	0.850621
4.954000	0.849041	0.849041
4.956000	0.849673	0.849673
4.958000	0.849989	0.849989
4.960000	0.849673	0.849673
4.962000	0.849989	0.849989
4.964000	0.852201	0.852201
4.966000	0.850937	0.850937
4.968000	0.850305	0.850305
4.970000	0.850305	0.850305
4.972000	0.850937	0.850937
4.974000	0.849673	0.849673
4.976000	0.851569	0.851569
4.978000	0.850305	0.850305
4.980000	0.851253	0.851253
4.982000	0.849357	0.849357
4.984000	0.850937	0.850937
4.986000	0.849989	0.849989
4.988000	0.849989	0.849989
4.990000	0.848724	0.848724
4.992000	0.849673	0.849673
4.994000	0.850305	0.850305
4.996000	0.851569	0.851569
4.998000	0.849989	0.849989
5.000000	0.849357	0.849357
5.002000	0.848408	0.848408
5.004000	0.850621	0.850621
5.006000	0.850937	0.850937
5.008000	0.851885	0.851885
5.010000	0.848724	0.848724
5.012000	0.851253	0.851253
5.014000	0.849673	0.849673
5.016000	0.851569	0.851569
5.018000	0.849673	0.849673
5.020000	0.849989	0.849989
5.022000	0.850621	0.850621
5.024000	0.850937	0.850937
5.026000	0.849989	0.849989
5.028000	0.849989	0.849989
5.030000	0.850621	0.850621
5.032000	0.849989	0.849989
5.034000	0.849989	0.849989
5.036000	0.849989	0.849989
5.038000	0.851569	0.851569
5.040000	0.851253	0.851253
5.042000	0.850621	0.850621
5.044000	0.848724	0.848724
5.046000	0.850937	0.850937
5.048000	0.849041	0.849041
5.050000	0.850937	0.850937
5.052000	0.850305	0.850305
5.054000	0.850621	0.850621
5.056000	0.849673	0.849673
5.058000	0.849673	0.849673
5.060000	0.850621	0.850621
5.062000	0.850621	0.850621
5.064000	0.849357	0.849357
5.066000	0.850937	0.850937
5.068000	0.851885	0.851885
5.070000	0.849357	0.849357
5.072000	0.849673	0.849673
5.074000	0.849357	0.849357
5.076000	0.851569	0.851569
5.078000	0.851253	0.851253
5.080000	0.850937	0.850937
5.082000	0.851885	0.851885
5.084000	0.849357	0.849357
5.086000	0.851569	0.851569
5.088000	0.851253	0.851253
5.090000	0.850305	0.850305
5.092000	0.850305	0.850305
5.094000	0.851253	0.851253
5.096000	0.851253	0.851253
5.098000	0.851253	0.851253
5.100000	0.849673	0.849673
5.102000	0.850937	0.850937
5.104000	0.850937	0.850937
5.106000	0.850621	0.850621
5.108000	0.849673	0.849673
5.110000	0.850305	0.850305
5.112000	0.849989	0.849989
5.114000	0.849673	0.849673
5.116000	0.850621	0.850621
5.118000	0.850621	0.850621
5.120000	0.850621	0.850621
5.122000	0.849357	0.849357
5.124000	0.848092	0.848092
5.126000	0.849357	0.849357
5.128000	0.850937	0.850937
5.130000	0.849673	0.849673
5.132000	0.849673	0.849673
5.134000	0.849673	0.849673
5.136000	0.849989	0.849989
5.138000	0.849989	0.849989
5.140000	0.853465	0.853465
5.142000	0.852201	0.852201
5.144000	0.850937	0.850937
5.146000	0.849041	0.849041
5.148000	0.850937	0.850937
5.150000	0.849041	0.849041
5.152000	0.849041	0.849041
5.154000	0.851885	0.851885
5.156000	0.849989	0.849989
5.158000	0.850937	0.850937
5.160000	0.850621	0.850621
5.162000	0.849673	0.849673
5.164000	0.850305	0.850305
5.166000	0.850621	0.850621
5.168000	0.850305	0.850305
5.170000	0.849989	0.849989
5.172000	0.849673	0.849673
5.174000	0.849673	0.849673
5.176000	0.850305	0.850305
5.178000	0.850305	0.850305
5.180000	0.849357	0.849357
5.182000	0.850621	0.850621
5.184000	0.850305	0.850305
5.186000	0.849673	0.849673
5.188000	0.849673	0.849673
5.190000	0.850621	0.850621
5.192000	0.850621	0.850621
5.194000	0.849357	0.849357
5.196000	0.851253	0.851253
5.198000	0.849989	0.849989
5.200000	0.851253	0.851253
5.202000	0.851569	0.851569
5.204000	0.849989	0.849989
5.206000	0.851885	0.851885
5.208000	0.849989	0.849989
5.210000	0.851253	0.851253
5.212000	0.849673	0.849673
5.214000	0.849673	0.849673
5.216000	0.852517	0.852517
5.218000	0.851253	0.851253
5.220000	0.850305	0.850305
5.222000	0.849357	0.849357
5.224000	0.850937	0.850937
5.226000	0.850937	0.850937
5.228000	0.850305	0.850305
5.230000	0.849989	0.849989
5.232000	0.849357	0.849357
5.234000	0.850937	0.850937
5.236000	0.850305	0.850305
5.238000	0.849989	0.849989
5.240000	0.850937	0.850937
5.242000	0.849673	0.849673
5.244000	0.850305	0.850305
5.246000	0.849041	0.849041
5.248000	0.850305	0.850305
5.250000	0.850305	0.850305
5.252000	0.852517	0.852517
5.254000	0.850937	0.850937
5.256000	0.849673	0.849673
5.258000	0.846828	0.846828
5.260000	0.851569	0.851569
5.262000	0.849989	0.849989
5.264000	0.849673	0.849673
5.266000	0.848724	0.848724
5.268000	0.849041	0.849041
5.270000	0.848724	0.848724
5.272000	0.850305	0.850305
5.274000	0.849041	0.849041
5.276000	0.848724	0.848724
5.278000	0.847776	0.847776
5.280000	0.849673	0.849673
5.282000	0.849989	0.849989
5.284000	0.850621	0.850621
5.286000	0.849989	0.849989
5.288000	0.848092	0.848092
5.290000	0.849041	0.849041
5.292000	0.849989	0.849989
5.294000	0.850621	0.850621
5.296000	0.849041	0.849041
5.298000	0.848092	0.848092
5.300000	0.847144	0.847144
5.302000	0.849041	0.849041
5.304000	0.850305	0.850305
5.306000	0.849989	0.849989
5.308000	0.851885	0.851885
5.310000	0.849989	0.849989
5.312000	0.849357	0.849357
5.314000	0.850621	0.850621
5.316000	0.851569	0.851569
5.318000	0.852201	0.852201
5.320000	0.849357	0.849357
5.322000	0.848092	0.848092
5.324000	0.848092	0.848092
5.326000	0.849357	0.849357
5.328000	0.849989	0.849989
5.330000	0.849673	0.849673
5.332000	0.848408	0.848408
5.334000	0.849673	0.849673
5.336000	0.849041	0.849041
5.338000	0.850621	0.850621
5.340000	0.850621	0.850621
5.342000	0.848408	0.848408
5.344000	0.849041	0.849041
5.346000	0.849673	0.849673
5.348000	0.850305	0.850305
5.350000	0.850305	0.850305
5.352000	0.851569	0.851569
5.354000	0.849041	0.849041
5.356000	0.850305	0.850305
5.358000	0.851253	0.851253
5.360000	0.849673	0.849673
5.362000	0.849989	0.849989
5.364000	0.849989	0.849989
5.366000	0.850937	0.850937
5.368000	0.849989	0.849989
5.370000	0.850621	0.850621
5.372000	0.850305	0.850305
5.374000	0.849673	0.849673
5.376000	0.849673	0.849673
5.378000	0.850621	0.850621
5.380000	0.849989	0.849989
5.382000	0.849989	0.849989
5.384000	0.849041	0.849041
5.386000	0.848408	0.848408
5.388000	0.849989	0.849989
5.390000	0.850621	0.850621
5.392000	0.851253	0.851253
5.394000	0.851569	0.851569
5.396000	0.849041	0.849041
5.398000	0.847776	0.847776
5.400000	0.850621	0.850621
5.402000	0.851569	0.851569
5.404000	0.850937	0.850937
5.406000	0.849989	0.849989
5.408000	0.849673	0.849673
5.410000	0.848724	0.848724
5.412000	0.850305	0.850305
5.414000	0.849989	0.849989
5.416000	0.850305	0.850305
5.418000	0.849989	0.849989
5.420000	0.848408	0.848408
5.422000	0.849673	0.849673
5.424000	0.849989	0.849989
5.426000	0.850305	0.850305
5.428000	0.849673	0.849673
5.430000	0.849041	0.849041
5.432000	0.850305	0.850305
5.434000	0.850937	0.850937
5.436000	0.849673	0.849673
5.438000	0.849673	0.849673
5.440000	0.849673	0.849673
5.442000	0.849357	0.849357
5.444000	0.850305	0.850305
5.446000	0.850937	0.850937
5.448000	0.849041	0.849041
5.450000	0.848724	0.848724
5.452000	0.849673	0.849673
5.454000	0.849989	0.849989
5.456000	0.852201	0.852201
5.458000	0.850621	0.850621
5.460000	0.849989	0.849989
5.462000	0.848408	0.848408
5.464000	0.849673	0.849673
5.466000	0.849673	0.849673
5.468000	0.850305	0.850305
5.470000	0.850937	0.850937
5.472000	0.849357	0.849357
5.474000	0.848092	0.848092
5.476000	0.849357	0.849357
5.478000	0.850305	0.850305
5.480000	0.850621	0.850621
5.482000	0.849041	0.849041
5.484000	0.848724	0.848724
5.486000	0.849357	0.849357
5.488000	0.848724	0.848724
5.490000	0.849989	0.849989
5.492000	0.848724	0.848724
5.494000	0.848092	0.848092
5.496000	0.848092	0.848092
5.498000	0.849041	0.849041
5.500000	0.849673	0.849673
5.502000	0.849357	0.849357
5.504000	0.850305	0.850305
5.506000	0.849357	0.849357
5.508000	0.850305	0.850305
5.510000	0.851253	0.851253
5.512000	0.850621	0.850621
5.514000	0.849041	0.849041
5.516000	0.849673	0.849673
5.518000	0.847776	0.847776
5.520000	0.848724	0.848724
5.522000	0.849989	0.849989
5.524000	0.849673	0.849673
5.526000	0.848724	0.848724
5.528000	0.848408	0.848408
5.530000	0.848408	0.848408
5.532000	0.850621	0.850621
5.534000	0.849989	0.849989
5.536000	0.848724	0.848724
5.538000	0.849357	0.849357
5.540000	0.849989	0.849989
5.542000	0.850305	0.850305
5.544000	0.850937	0.850937
5.546000	0.849673	0.849673
5.548000	0.850305	0.850305
5.550000	0.849357	0.849357
5.552000	0.849357	0.849357
5.554000	0.850937	0.850937
5.556000	0.850621	0.850621
5.558000	0.850305	0.850305
5.560000	0.848724	0.848724
5.562000	0.849673	0.849673
5.564000	0.848408	0.848408
5.566000	0.849989	0.849989
5.568000	0.849673	0.849673
5.570000	0.850305	0.850305
5.572000	0.849673	0.849673
5.574000	0.849041	0.849041
5.576000	0.849673	0.849673
5.578000	0.849673	0.849673
5.580000	0.847776	0.847776
5.582000	0.849673	0.849673
5.584000	0.849673	0.849673
5.586000	0.849673	0.849673
5.588000	0.850305	0.850305
5.590000	0.849357	0.849357
5.592000	0.848724	0.848724
5.594000	0.849989	0.849989
5.596000	0.849357	0.849357
5.598000	0.850305	0.850305
5.600000	0.849673	0.849673
5.602000	0.848724	0.848724
5.604000	0.849357	0.849357
5.606000	0.849357	0.849357
5.608000	0.850621	0.850621
5.610000	0.850305	0.850305
5.612000	0.849673	0.849673
5.614000	0.848724	0.848724
5.616000	0.850937	0.850937
5.618000	0.849673	0.849673
5.620000	0.850937	0.850937
5.622000	0.850305	0.850305
5.624000	0.849989	0.849989
5.626000	0.848408	0.848408
5.628000	0.849357	0.849357
5.630000	0.849357	0.849357
5.632000	0.849673	0.849673
5.634000	0.849989	0.849989
5.636000	0.849673	0.849673
5.638000	0.849989	0.849989
5.640000	0.848724	0.848724
5.642000	0.848724	0.848724
5.644000	0.849041	0.849041
5.646000	0.849357	0.849357
5.648000	0.849357	0.849357
5.650000	0.850305	0.850305
5.652000	0.849041	0.849041
5.654000	0.847776	0.847776
5.656000	0.849673	0.849673
5.658000	0.846512	0.846512
5.660000	0.849673	0.849673
5.662000	0.849041	0.849041
5.664000	0.848724	0.848724
5.666000	0.849041	0.849041
5.668000	0.848408	0.848408
5.670000	0.850305	0.850305
5.672000	0.849041	0.849041
5.674000	0.848092	0.848092
5.676000	0.849041	0.849041
5.678000	0.849041	0.849041
5.680000	0.848408	0.848408
5.682000	0.848724	0.848724
5.684000	0.850305	0.850305
5.686000	0.849041	0.849041
5.688000	0.849989	0.849989
5.690000	0.848408	0.848408
5.692000	0.850621	0.850621
5.694000	0.847460	0.847460
5.696000	0.848408	0.848408
5.698000	0.848408	0.848408
5.700000	0.849041	0.849041
5.702000	0.848724	0.848724
5.704000	0.849041	0.849041
5.706000	0.848408	0.848408
5.708000	0.849673	0.849673
5.710000	0.847776	0.847776
5.712000	0.848408	0.848408
5.714000	0.849041	0.849041
5.716000	0.849357	0.849357
5.718000	0.848408	0.848408
5.720000	0.849673	0.849673
5.722000	0.849357	0.849357
5.724000	0.849673	0.849673
5.726000	0.849989	0.849989
5.728000	0.849357	0.849357
5.730000	0.849357	0.849357
5.732000	0.848724	0.848724
5.734000	0.850621	0.850621
5.736000	0.849041	0.849041
5.738000	0.850305	0.850305
5.740000	0.848724	0.848724
5.742000	0.849041	0.849041
5.744000	0.849357	0.849357
5.746000	0.849041	0.849041
5.748000	0.849989	0.849989
5.750000	0.849673	0.849673
5.752000	0.848092	0.848092
5.754000	0.849673	0.849673
5.756000	0.849357	0.849357
5.758000	0.849673	0.849673
5.760000	0.848408	0.848408
5.762000	0.847144	0.847144
5.764000	0.847776	0.847776
5.766000	0.849989	0.849989
5.768000	0.849673	0.849673
5.770000	0.850621	0.850621
5.772000	0.847144	0.847144
5.774000	0.848092	0.848092
5.776000	0.849041	0.849041
5.778000	0.849989	0.849989
5.780000	0.851569	0.851569
5.782000	0.849041	0.849041
5.784000	0.849989	0.849989
5.786000	0.849989	0.849989
5.788000	0.850621	0.850621
5.790000	0.851569	0.851569
5.792000	0.852201	0.852201
5.794000	0.849041	0.849041
5.796000	0.850937	0.850937
5.798000	0.851253	0.851253
5.800000	0.851885	0.851885
5.802000	0.852517	0.852517
5.804000	0.850621	0.850621
5.806000	0.850305	0.850305
5.808000	0.849673	0.849673
5.810000	0.850621	0.850621
5.812000	0.852201	0.852201
5.814000	0.850937	0.850937
5.816000	0.849673	0.849673
5.818000	0.849041	0.849041
5.820000	0.849041	0.849041
5.822000	0.849673	0.849673
5.824000	0.849989	0.849989
5.826000	0.850621	0.850621
5.828000	0.849989	0.849989
5.830000	0.850937	0.850937
5.832000	0.851253	0.851253
5.834000	0.851885	0.851885
5.836000	0.848408	0.848408
5.838000	0.848724	0.848724
5.840000	0.848408	0.848408
5.842000	0.849041	0.849041
5.844000	0.849041	0.849041
5.846000	0.848408	0.848408
5.848000	0.848408	0.848408
5.850000	0.848408	0.848408
5.852000	0.848724	0.848724
5.854000	0.850621	0.850621
5.856000	0.849041	0.849041
5.858000	0.849673	0.849673
5.860000	0.848092	0.848092
5.862000	0.848724	0.848724
5.864000	0.848724	0.848724
5.866000	0.850937	0.850937
5.868000	0.849357	0.849357
5.870000	0.850305	0.850305
5.872000	0.849041	0.849041
5.874000	0.850621	0.850621
5.876000	0.851569	0.851569
5.878000	0.851253	0.851253
5.880000	0.851253	0.851253
5.882000	0.849357	0.849357
5.884000	0.849041	0.849041
5.886000	0.850937	0.850937
5.888000	0.849989	0.849989
5.890000	0.849041	0.849041
5.892000	0.849989	0.849989
5.894000	0.849041	0.849041
5.896000	0.848408	0.848408
5.898000	0.850937	0.850937
5.900000	0.849357	0.849357
5.902000	0.848092	0.848092
5.904000	0.848092	0.848092
5.906000	0.848092	0.848092
5.908000	0.849989	0.849989
5.910000	0.850937	0.850937
5.912000	0.849673	0.849673
5.914000	0.849357	0.849357
5.916000	0.849041	0.849041
5.918000	0.849041	0.849041
5.920000	0.848724	0.848724
5.922000	0.849673	0.849673
5.924000	0.849673	0.849673
5.926000	0.848092	0.848092
5.928000	0.846828	0.846828
5.930000	0.849673	0.849673
5.932000	0.849673	0.849673
5.934000	0.849673	0.849673
5.936000	0.849673	0.849673
5.938000	0.851253	0.851253
5.940000	0.850621	0.850621
5.942000	0.849673	0.849673
5.944000	0.849989	0.849989
5.946000	0.849673	0.849673
5.948000	0.848724	0.848724
5.950000	0.849989	0.849989
5.952000	0.848092	0.848092
5.954000	0.850937	0.850937
5.956000	0.849041	0.849041
5.958000	0.849989	0.849989
5.960000	0.851253	0.851253
5.962000	0.849041	0.849041
5.964000	0.850937	0.850937
5.966000	0.849041	0.849041
5.968000	0.849041	0.849041
5.970000	0.849041	0.849041
5.972000	0.849673	0.849673
5.974000	0.850305	0.850305
5.976000	0.848092	0.848092
5.978000	0.849041	0.849041
5.980000	0.849673	0.849673
5.982000	0.849357	0.849357
5.984000	0.849041	0.849041
5.986000	0.850621	0.850621
5.988000	0.849357	0.849357
5.990000	0.848092	0.848092
5.992000	0.848408	0.848408
5.994000	0.849989	0.849989
5.996000	0.848408	0.848408
5.998000	0.849989	0.849989
