11/3/2016
11:09:51 AM

0, CH+=0, CH-=199, Range=+/-10, y=a


Time	v0	y0
0.000000	0.813957	0.813957
0.002000	0.814273	0.814273
0.004000	0.813009	0.813009
0.006000	0.813009	0.813009
0.008000	0.813325	0.813325
0.010000	0.814589	0.814589
0.012000	0.813325	0.813325
0.014000	0.813325	0.813325
0.016000	0.814589	0.814589
0.018000	0.813957	0.813957
0.020000	0.813957	0.813957
0.022000	0.813325	0.813325
0.024000	0.813009	0.813009
0.026000	0.813641	0.813641
0.028000	0.814273	0.814273
0.030000	0.813009	0.813009
0.032000	0.813641	0.813641
0.034000	0.813325	0.813325
0.036000	0.813957	0.813957
0.038000	0.813641	0.813641
0.040000	0.814589	0.814589
0.042000	0.813641	0.813641
0.044000	0.813325	0.813325
0.046000	0.814273	0.814273
0.048000	0.813641	0.813641
0.050000	0.812061	0.812061
0.052000	0.813009	0.813009
0.054000	0.813641	0.813641
0.056000	0.813009	0.813009
0.058000	0.813641	0.813641
0.060000	0.813009	0.813009
0.062000	0.814905	0.814905
0.064000	0.812693	0.812693
0.066000	0.812377	0.812377
0.068000	0.813009	0.813009
0.070000	0.814589	0.814589
0.072000	0.813325	0.813325
0.074000	0.813325	0.813325
0.076000	0.813009	0.813009
0.078000	0.813641	0.813641
0.080000	0.813957	0.813957
0.082000	0.813325	0.813325
0.084000	0.813641	0.813641
0.086000	0.814589	0.814589
0.088000	0.813641	0.813641
0.090000	0.813957	0.813957
0.092000	0.814273	0.814273
0.094000	0.814273	0.814273
0.096000	0.813325	0.813325
0.098000	0.812377	0.812377
0.100000	0.814273	0.814273
0.102000	0.813641	0.813641
0.104000	0.813957	0.813957
0.106000	0.812377	0.812377
0.108000	0.811745	0.811745
0.110000	0.813641	0.813641
0.112000	0.814273	0.814273
0.114000	0.814589	0.814589
0.116000	0.813641	0.813641
0.118000	0.811113	0.811113
0.120000	0.813641	0.813641
0.122000	0.814273	0.814273
0.124000	0.813957	0.813957
0.126000	0.813641	0.813641
0.128000	0.812693	0.812693
0.130000	0.814273	0.814273
0.132000	0.813009	0.813009
0.134000	0.811745	0.811745
0.136000	0.814273	0.814273
0.138000	0.813641	0.813641
0.140000	0.811745	0.811745
0.142000	0.813641	0.813641
0.144000	0.813641	0.813641
0.146000	0.813009	0.813009
0.148000	0.813957	0.813957
0.150000	0.813641	0.813641
0.152000	0.813009	0.813009
0.154000	0.814273	0.814273
0.156000	0.813009	0.813009
0.158000	0.813957	0.813957
0.160000	0.813957	0.813957
0.162000	0.815222	0.815222
0.164000	0.813009	0.813009
0.166000	0.814589	0.814589
0.168000	0.813957	0.813957
0.170000	0.814273	0.814273
0.172000	0.814273	0.814273
0.174000	0.813009	0.813009
0.176000	0.816170	0.816170
0.178000	0.813009	0.813009
0.180000	0.813957	0.813957
0.182000	0.813957	0.813957
0.184000	0.813641	0.813641
0.186000	0.813009	0.813009
0.188000	0.813325	0.813325
0.190000	0.813957	0.813957
0.192000	0.813641	0.813641
0.194000	0.813957	0.813957
0.196000	0.813957	0.813957
0.198000	0.813009	0.813009
0.200000	0.813957	0.813957
0.202000	0.814589	0.814589
0.204000	0.814273	0.814273
0.206000	0.815854	0.815854
0.208000	0.816486	0.816486
0.210000	0.813957	0.813957
0.212000	0.815538	0.815538
0.214000	0.812061	0.812061
0.216000	0.815222	0.815222
0.218000	0.813641	0.813641
0.220000	0.815222	0.815222
0.222000	0.813957	0.813957
0.224000	0.813009	0.813009
0.226000	0.815222	0.815222
0.228000	0.815222	0.815222
0.230000	0.813325	0.813325
0.232000	0.813009	0.813009
0.234000	0.815222	0.815222
0.236000	0.813641	0.813641
0.238000	0.815222	0.815222
0.240000	0.813641	0.813641
0.242000	0.814273	0.814273
0.244000	0.813641	0.813641
0.246000	0.813957	0.813957
0.248000	0.814273	0.814273
0.250000	0.813957	0.813957
0.252000	0.813325	0.813325
0.254000	0.813325	0.813325
0.256000	0.811429	0.811429
0.258000	0.812377	0.812377
0.260000	0.813641	0.813641
0.262000	0.813325	0.813325
0.264000	0.813957	0.813957
0.266000	0.814273	0.814273
0.268000	0.813641	0.813641
0.270000	0.813325	0.813325
0.272000	0.813009	0.813009
0.274000	0.813009	0.813009
0.276000	0.812693	0.812693
0.278000	0.812377	0.812377
0.280000	0.813009	0.813009
0.282000	0.812377	0.812377
0.284000	0.813009	0.813009
0.286000	0.813325	0.813325
0.288000	0.813641	0.813641
0.290000	0.814905	0.814905
0.292000	0.814273	0.814273
0.294000	0.813325	0.813325
0.296000	0.814273	0.814273
0.298000	0.813641	0.813641
0.300000	0.813641	0.813641
0.302000	0.812061	0.812061
0.304000	0.813009	0.813009
0.306000	0.814273	0.814273
0.308000	0.814273	0.814273
0.310000	0.813009	0.813009
0.312000	0.813957	0.813957
0.314000	0.813641	0.813641
0.316000	0.813957	0.813957
0.318000	0.813009	0.813009
0.320000	0.813641	0.813641
0.322000	0.811745	0.811745
0.324000	0.813957	0.813957
0.326000	0.815222	0.815222
0.328000	0.816170	0.816170
0.330000	0.813325	0.813325
0.332000	0.813641	0.813641
0.334000	0.814589	0.814589
0.336000	0.813957	0.813957
0.338000	0.812377	0.812377
0.340000	0.813957	0.813957
0.342000	0.814273	0.814273
0.344000	0.812377	0.812377
0.346000	0.814273	0.814273
0.348000	0.814273	0.814273
0.350000	0.815222	0.815222
0.352000	0.811745	0.811745
0.354000	0.812693	0.812693
0.356000	0.813957	0.813957
0.358000	0.813009	0.813009
0.360000	0.814273	0.814273
0.362000	0.813641	0.813641
0.364000	0.814273	0.814273
0.366000	0.814273	0.814273
0.368000	0.813957	0.813957
0.370000	0.813325	0.813325
0.372000	0.812693	0.812693
0.374000	0.814589	0.814589
0.376000	0.813641	0.813641
0.378000	0.813641	0.813641
0.380000	0.813325	0.813325
0.382000	0.813641	0.813641
0.384000	0.815538	0.815538
0.386000	0.814905	0.814905
0.388000	0.813325	0.813325
0.390000	0.813641	0.813641
0.392000	0.814273	0.814273
0.394000	0.813009	0.813009
0.396000	0.815854	0.815854
0.398000	0.813957	0.813957
0.400000	0.813009	0.813009
0.402000	0.813325	0.813325
0.404000	0.813325	0.813325
0.406000	0.813325	0.813325
0.408000	0.814273	0.814273
0.410000	0.814273	0.814273
0.412000	0.814905	0.814905
0.414000	0.814589	0.814589
0.416000	0.814589	0.814589
0.418000	0.812693	0.812693
0.420000	0.813009	0.813009
0.422000	0.813009	0.813009
0.424000	0.814589	0.814589
0.426000	0.813957	0.813957
0.428000	0.814273	0.814273
0.430000	0.813009	0.813009
0.432000	0.813325	0.813325
0.434000	0.812377	0.812377
0.436000	0.813009	0.813009
0.438000	0.814273	0.814273
0.440000	0.812377	0.812377
0.442000	0.812377	0.812377
0.444000	0.812377	0.812377
0.446000	0.813009	0.813009
0.448000	0.815854	0.815854
0.450000	0.813641	0.813641
0.452000	0.813009	0.813009
0.454000	0.813641	0.813641
0.456000	0.814589	0.814589
0.458000	0.813009	0.813009
0.460000	0.813641	0.813641
0.462000	0.812061	0.812061
0.464000	0.813641	0.813641
0.466000	0.812693	0.812693
0.468000	0.813009	0.813009
0.470000	0.813957	0.813957
0.472000	0.813325	0.813325
0.474000	0.813957	0.813957
0.476000	0.814273	0.814273
0.478000	0.813009	0.813009
0.480000	0.813957	0.813957
0.482000	0.813009	0.813009
0.484000	0.813957	0.813957
0.486000	0.814273	0.814273
0.488000	0.812693	0.812693
0.490000	0.814589	0.814589
0.492000	0.810797	0.810797
0.494000	0.813641	0.813641
0.496000	0.814589	0.814589
0.498000	0.813325	0.813325
0.500000	0.812061	0.812061
0.502000	0.813325	0.813325
0.504000	0.812693	0.812693
0.506000	0.813957	0.813957
0.508000	0.813957	0.813957
0.510000	0.813325	0.813325
0.512000	0.814589	0.814589
0.514000	0.813641	0.813641
0.516000	0.813325	0.813325
0.518000	0.814273	0.814273
0.520000	0.813641	0.813641
0.522000	0.814905	0.814905
0.524000	0.814273	0.814273
0.526000	0.813641	0.813641
0.528000	0.813325	0.813325
0.530000	0.814905	0.814905
0.532000	0.813957	0.813957
0.534000	0.813641	0.813641
0.536000	0.813641	0.813641
0.538000	0.814273	0.814273
0.540000	0.814273	0.814273
0.542000	0.813641	0.813641
0.544000	0.813641	0.813641
0.546000	0.813009	0.813009
0.548000	0.813325	0.813325
0.550000	0.813641	0.813641
0.552000	0.813641	0.813641
0.554000	0.813009	0.813009
0.556000	0.813641	0.813641
0.558000	0.815222	0.815222
0.560000	0.813957	0.813957
0.562000	0.814905	0.814905
0.564000	0.813641	0.813641
0.566000	0.813641	0.813641
0.568000	0.814273	0.814273
0.570000	0.813009	0.813009
0.572000	0.814273	0.814273
0.574000	0.813325	0.813325
0.576000	0.813641	0.813641
0.578000	0.813641	0.813641
0.580000	0.813957	0.813957
0.582000	0.813957	0.813957
0.584000	0.813009	0.813009
0.586000	0.813009	0.813009
0.588000	0.813325	0.813325
0.590000	0.813009	0.813009
0.592000	0.813957	0.813957
0.594000	0.813325	0.813325
0.596000	0.813641	0.813641
0.598000	0.814589	0.814589
0.600000	0.813641	0.813641
0.602000	0.813009	0.813009
0.604000	0.813325	0.813325
0.606000	0.814273	0.814273
0.608000	0.813325	0.813325
0.610000	0.813009	0.813009
0.612000	0.814273	0.814273
0.614000	0.814273	0.814273
0.616000	0.813009	0.813009
0.618000	0.813325	0.813325
0.620000	0.813009	0.813009
0.622000	0.814589	0.814589
0.624000	0.812693	0.812693
0.626000	0.813325	0.813325
0.628000	0.812693	0.812693
0.630000	0.813009	0.813009
0.632000	0.813009	0.813009
0.634000	0.813009	0.813009
0.636000	0.813009	0.813009
0.638000	0.812693	0.812693
0.640000	0.814273	0.814273
0.642000	0.813957	0.813957
0.644000	0.814905	0.814905
0.646000	0.813325	0.813325
0.648000	0.813641	0.813641
0.650000	0.812377	0.812377
0.652000	0.813009	0.813009
0.654000	0.813325	0.813325
0.656000	0.813325	0.813325
0.658000	0.815222	0.815222
0.660000	0.813009	0.813009
0.662000	0.814273	0.814273
0.664000	0.813641	0.813641
0.666000	0.813957	0.813957
0.668000	0.813641	0.813641
0.670000	0.813325	0.813325
0.672000	0.811429	0.811429
0.674000	0.815538	0.815538
0.676000	0.812377	0.812377
0.678000	0.813957	0.813957
0.680000	0.815222	0.815222
0.682000	0.813957	0.813957
0.684000	0.813325	0.813325
0.686000	0.812693	0.812693
0.688000	0.815538	0.815538
0.690000	0.813325	0.813325
0.692000	0.812377	0.812377
0.694000	0.813009	0.813009
0.696000	0.813957	0.813957
0.698000	0.814273	0.814273
0.700000	0.814273	0.814273
0.702000	0.814273	0.814273
0.704000	0.814905	0.814905
0.706000	0.813957	0.813957
0.708000	0.815222	0.815222
0.710000	0.812693	0.812693
0.712000	0.813009	0.813009
0.714000	0.814589	0.814589
0.716000	0.814273	0.814273
0.718000	0.813957	0.813957
0.720000	0.813957	0.813957
0.722000	0.813641	0.813641
0.724000	0.815222	0.815222
0.726000	0.814589	0.814589
0.728000	0.813009	0.813009
0.730000	0.813641	0.813641
0.732000	0.815222	0.815222
0.734000	0.813009	0.813009
0.736000	0.813325	0.813325
0.738000	0.812693	0.812693
0.740000	0.814905	0.814905
0.742000	0.812693	0.812693
0.744000	0.812377	0.812377
0.746000	0.812377	0.812377
0.748000	0.813641	0.813641
0.750000	0.812061	0.812061
0.752000	0.812693	0.812693
0.754000	0.813957	0.813957
0.756000	0.813957	0.813957
0.758000	0.814273	0.814273
0.760000	0.813009	0.813009
0.762000	0.814589	0.814589
0.764000	0.813325	0.813325
0.766000	0.814905	0.814905
0.768000	0.812061	0.812061
0.770000	0.813957	0.813957
0.772000	0.813009	0.813009
0.774000	0.812377	0.812377
0.776000	0.813009	0.813009
0.778000	0.812693	0.812693
0.780000	0.813641	0.813641
0.782000	0.811745	0.811745
0.784000	0.814589	0.814589
0.786000	0.813009	0.813009
0.788000	0.813641	0.813641
0.790000	0.814273	0.814273
0.792000	0.812061	0.812061
0.794000	0.813325	0.813325
0.796000	0.813641	0.813641
0.798000	0.812693	0.812693
0.800000	0.813641	0.813641
0.802000	0.814273	0.814273
0.804000	0.813641	0.813641
0.806000	0.813641	0.813641
0.808000	0.813325	0.813325
0.810000	0.813325	0.813325
0.812000	0.814273	0.814273
0.814000	0.814589	0.814589
0.816000	0.814589	0.814589
0.818000	0.812377	0.812377
0.820000	0.813009	0.813009
0.822000	0.815538	0.815538
0.824000	0.812377	0.812377
0.826000	0.813325	0.813325
0.828000	0.814273	0.814273
0.830000	0.813641	0.813641
0.832000	0.813957	0.813957
0.834000	0.813641	0.813641
0.836000	0.812693	0.812693
0.838000	0.812693	0.812693
0.840000	0.813641	0.813641
0.842000	0.814273	0.814273
0.844000	0.815222	0.815222
0.846000	0.813957	0.813957
0.848000	0.813325	0.813325
0.850000	0.813641	0.813641
0.852000	0.813641	0.813641
0.854000	0.813325	0.813325
0.856000	0.813641	0.813641
0.858000	0.813641	0.813641
0.860000	0.813009	0.813009
0.862000	0.813641	0.813641
0.864000	0.813957	0.813957
0.866000	0.813641	0.813641
0.868000	0.814273	0.814273
0.870000	0.813641	0.813641
0.872000	0.813325	0.813325
0.874000	0.812693	0.812693
0.876000	0.813641	0.813641
0.878000	0.812061	0.812061
0.880000	0.813641	0.813641
0.882000	0.813009	0.813009
0.884000	0.814273	0.814273
0.886000	0.814589	0.814589
0.888000	0.813641	0.813641
0.890000	0.814905	0.814905
0.892000	0.813957	0.813957
0.894000	0.813009	0.813009
0.896000	0.812693	0.812693
0.898000	0.813641	0.813641
0.900000	0.813641	0.813641
0.902000	0.813325	0.813325
0.904000	0.813641	0.813641
0.906000	0.812693	0.812693
0.908000	0.814589	0.814589
0.910000	0.815538	0.815538
0.912000	0.813641	0.813641
0.914000	0.815222	0.815222
0.916000	0.811745	0.811745
0.918000	0.813957	0.813957
0.920000	0.814273	0.814273
0.922000	0.812693	0.812693
0.924000	0.814273	0.814273
0.926000	0.814589	0.814589
0.928000	0.813641	0.813641
0.930000	0.814273	0.814273
0.932000	0.813957	0.813957
0.934000	0.815222	0.815222
0.936000	0.813009	0.813009
0.938000	0.814273	0.814273
0.940000	0.813009	0.813009
0.942000	0.812693	0.812693
0.944000	0.813009	0.813009
0.946000	0.814273	0.814273
0.948000	0.813957	0.813957
0.950000	0.814273	0.814273
0.952000	0.813641	0.813641
0.954000	0.812377	0.812377
0.956000	0.813325	0.813325
0.958000	0.813009	0.813009
0.960000	0.813641	0.813641
0.962000	0.812693	0.812693
0.964000	0.812693	0.812693
0.966000	0.814905	0.814905
0.968000	0.814905	0.814905
0.970000	0.814905	0.814905
0.972000	0.813009	0.813009
0.974000	0.815854	0.815854
0.976000	0.813325	0.813325
0.978000	0.813009	0.813009
0.980000	0.813641	0.813641
0.982000	0.813009	0.813009
0.984000	0.813957	0.813957
0.986000	0.812061	0.812061
0.988000	0.814589	0.814589
0.990000	0.812377	0.812377
0.992000	0.813957	0.813957
0.994000	0.814589	0.814589
0.996000	0.813957	0.813957
0.998000	0.813957	0.813957
1.000000	0.813641	0.813641
1.002000	0.813641	0.813641
1.004000	0.813641	0.813641
1.006000	0.812061	0.812061
1.008000	0.814273	0.814273
1.010000	0.812377	0.812377
1.012000	0.813009	0.813009
1.014000	0.814273	0.814273
1.016000	0.813957	0.813957
1.018000	0.814273	0.814273
1.020000	0.814273	0.814273
1.022000	0.814273	0.814273
1.024000	0.813325	0.813325
1.026000	0.813325	0.813325
1.028000	0.813009	0.813009
1.030000	0.812377	0.812377
1.032000	0.814273	0.814273
1.034000	0.813641	0.813641
1.036000	0.813641	0.813641
1.038000	0.814589	0.814589
1.040000	0.813957	0.813957
1.042000	0.815222	0.815222
1.044000	0.815538	0.815538
1.046000	0.814273	0.814273
1.048000	0.813641	0.813641
1.050000	0.812693	0.812693
1.052000	0.812693	0.812693
1.054000	0.812061	0.812061
1.056000	0.813009	0.813009
1.058000	0.814589	0.814589
1.060000	0.814273	0.814273
1.062000	0.813641	0.813641
1.064000	0.813957	0.813957
1.066000	0.813641	0.813641
1.068000	0.812061	0.812061
1.070000	0.813325	0.813325
1.072000	0.811745	0.811745
1.074000	0.814905	0.814905
1.076000	0.813009	0.813009
1.078000	0.815222	0.815222
1.080000	0.815222	0.815222
1.082000	0.814273	0.814273
1.084000	0.813641	0.813641
1.086000	0.813641	0.813641
1.088000	0.813009	0.813009
1.090000	0.813957	0.813957
1.092000	0.813325	0.813325
1.094000	0.813957	0.813957
1.096000	0.812693	0.812693
1.098000	0.813325	0.813325
1.100000	0.811745	0.811745
1.102000	0.812693	0.812693
1.104000	0.813325	0.813325
1.106000	0.813009	0.813009
1.108000	0.814905	0.814905
1.110000	0.813641	0.813641
1.112000	0.813957	0.813957
1.114000	0.814273	0.814273
1.116000	0.812693	0.812693
1.118000	0.814273	0.814273
1.120000	0.814273	0.814273
1.122000	0.813641	0.813641
1.124000	0.813009	0.813009
1.126000	0.812377	0.812377
1.128000	0.813325	0.813325
1.130000	0.813957	0.813957
1.132000	0.813957	0.813957
1.134000	0.814589	0.814589
1.136000	0.814589	0.814589
1.138000	0.815222	0.815222
1.140000	0.813325	0.813325
1.142000	0.813957	0.813957
1.144000	0.812061	0.812061
1.146000	0.814589	0.814589
1.148000	0.813641	0.813641
1.150000	0.813009	0.813009
1.152000	0.812693	0.812693
1.154000	0.813009	0.813009
1.156000	0.813009	0.813009
1.158000	0.811745	0.811745
1.160000	0.813957	0.813957
1.162000	0.769708	0.769708
1.164000	0.387268	0.387268
1.166000	0.279806	0.279806
1.168000	0.760542	0.760542
1.170000	1.049110	1.049110
1.172000	0.943860	0.943860
1.174000	0.730832	0.730832
1.176000	0.643598	0.643598
1.178000	0.714397	0.714397
1.180000	1.058908	1.058908
1.182000	0.920787	0.920787
1.184000	0.680577	0.680577
1.186000	0.717557	0.717557
1.188000	0.858523	0.858523
1.190000	0.941648	0.941648
1.192000	0.969146	0.969146
1.194000	0.849673	0.849673
1.196000	0.673624	0.673624
1.198000	0.692272	0.692272
1.200000	0.874958	0.874958
1.202000	0.970410	0.970410
1.204000	0.868637	0.868637
1.206000	0.740314	0.740314
1.208000	0.713764	0.713764
1.210000	0.821859	0.821859
1.212000	0.937855	0.937855
1.214000	0.897083	0.897083
1.216000	0.890445	0.890445
1.218000	0.764651	0.764651
1.220000	0.743475	0.743475
1.222000	0.854730	0.854730
1.224000	0.906564	0.906564
1.226000	0.899611	0.899611
1.228000	0.836398	0.836398
1.230000	0.751060	0.751060
1.232000	0.769392	0.769392
1.234000	0.844932	0.844932
1.236000	0.893606	0.893606
1.238000	0.859155	0.859155
1.240000	0.802263	0.802263
1.242000	0.793097	0.793097
1.244000	0.816170	0.816170
1.246000	0.868004	0.868004
1.248000	0.889181	0.889181
1.250000	0.855994	0.855994
1.252000	0.794361	0.794361
1.254000	0.782983	0.782983
1.256000	0.838610	0.838610
1.258000	0.886336	0.886336
1.260000	0.875274	0.875274
1.262000	0.818066	0.818066
1.264000	0.785827	0.785827
1.266000	0.807952	0.807952
1.268000	0.852833	0.852833
1.270000	0.883176	0.883176
1.272000	0.853465	0.853465
1.274000	0.804159	0.804159
1.276000	0.792781	0.792781
1.278000	0.828180	0.828180
1.280000	0.875906	0.875906
1.282000	0.874958	0.874958
1.284000	0.824387	0.824387
1.286000	0.785195	0.785195
1.288000	0.801631	0.801631
1.290000	0.849041	0.849041
1.292000	0.876538	0.876538
1.294000	0.853465	0.853465
1.296000	0.812693	0.812693
1.298000	0.799102	0.799102
1.300000	0.785195	0.785195
1.302000	0.740630	0.740630
1.304000	0.779190	0.779190
1.306000	0.816802	0.816802
1.308000	0.910041	0.910041
1.310000	0.901824	0.901824
1.312000	0.801631	0.801631
1.314000	0.742210	0.742210
1.316000	0.787724	0.787724
1.318000	0.878435	0.878435
1.320000	0.915730	0.915730
1.322000	0.866424	0.866424
1.324000	0.781402	0.781402
1.326000	0.759278	0.759278
1.328000	0.836082	0.836082
1.330000	0.907829	0.907829
1.332000	0.897715	0.897715
1.334000	0.821227	0.821227
1.336000	0.753905	0.753905
1.338000	0.778558	0.778558
1.340000	0.869901	0.869901
1.342000	0.909093	0.909093
1.344000	0.855994	0.855994
1.346000	0.781719	0.781719
1.348000	0.771288	0.771288
1.350000	0.829128	0.829128
1.352000	0.888233	0.888233
1.354000	0.885072	0.885072
1.356000	0.826284	0.826284
1.358000	0.781402	0.781402
1.360000	0.801631	0.801631
1.362000	0.857258	0.857258
1.364000	0.889813	0.889813
1.366000	0.857890	0.857890
1.368000	0.795309	0.795309
1.370000	0.733360	0.733360
1.372000	0.715345	0.715345
1.374000	0.795309	0.795309
1.376000	0.897399	0.897399
1.378000	0.901824	0.901824
1.380000	0.835134	0.835134
1.382000	0.766231	0.766231
1.384000	0.774765	0.774765
1.386000	0.846828	0.846828
1.388000	0.902140	0.902140
1.390000	0.878751	0.878751
1.392000	0.808584	0.808584
1.394000	0.775081	0.775081
1.396000	0.807004	0.807004
1.398000	0.876538	0.876538
1.400000	0.896450	0.896450
1.402000	0.842087	0.842087
1.404000	0.780138	0.780138
1.406000	0.777294	0.777294
1.408000	0.838294	0.838294
1.410000	0.893606	0.893606
1.412000	0.874642	0.874642
1.414000	0.806056	0.806056
1.416000	0.758646	0.758646
1.418000	0.776345	0.776345
1.420000	0.829444	0.829444
1.422000	0.865160	0.865160
1.424000	0.854730	0.854730
1.426000	0.818698	0.818698
1.428000	0.797838	0.797838
1.430000	0.815854	0.815854
1.432000	0.856626	0.856626
1.434000	0.868637	0.868637
1.436000	0.842403	0.842403
1.438000	0.806056	0.806056
1.440000	0.803211	0.803211
1.442000	0.841455	0.841455
1.444000	0.869269	0.869269
1.446000	0.850621	0.850621
1.448000	0.796258	0.796258
1.450000	0.772237	0.772237
1.452000	0.792781	0.792781
1.454000	0.835766	0.835766
1.456000	0.857890	0.857890
1.458000	0.841455	0.841455
1.460000	0.813641	0.813641
1.462000	0.807320	0.807320
1.464000	0.830077	0.830077
1.466000	0.851253	0.851253
1.468000	0.839242	0.839242
1.470000	0.807636	0.807636
1.472000	0.798470	0.798470
1.474000	0.824387	0.824387
1.476000	0.849673	0.849673
1.478000	0.853465	0.853465
1.480000	0.834185	0.834185
1.482000	0.810481	0.810481
1.484000	0.806372	0.806372
1.486000	0.825968	0.825968
1.488000	0.841771	0.841771
1.490000	0.828496	0.828496
1.492000	0.816802	0.816802
1.494000	0.813641	0.813641
1.496000	0.831341	0.831341
1.498000	0.846828	0.846828
1.500000	0.843351	0.843351
1.502000	0.827232	0.827232
1.504000	0.814905	0.814905
1.506000	0.817434	0.817434
1.508000	0.830393	0.830393
1.510000	0.838926	0.838926
1.512000	0.831973	0.831973
1.514000	0.816802	0.816802
1.516000	0.815222	0.815222
1.518000	0.828180	0.828180
1.520000	0.841771	0.841771
1.522000	0.836398	0.836398
1.524000	0.825020	0.825020
1.526000	0.820911	0.820911
1.528000	0.826600	0.826600
1.530000	0.839242	0.839242
1.532000	0.837978	0.837978
1.534000	0.828812	0.828812
1.536000	0.817118	0.817118
1.538000	0.820279	0.820279
1.540000	0.832289	0.832289
1.542000	0.837346	0.837346
1.544000	0.830077	0.830077
1.546000	0.820911	0.820911
1.548000	0.820595	0.820595
1.550000	0.830077	0.830077
1.552000	0.836714	0.836714
1.554000	0.832921	0.832921
1.556000	0.825336	0.825336
1.558000	0.822491	0.822491
1.560000	0.826916	0.826916
1.562000	0.834818	0.834818
1.564000	0.833553	0.833553
1.566000	0.827232	0.827232
1.568000	0.819962	0.819962
1.570000	0.823123	0.823123
1.572000	0.831657	0.831657
1.574000	0.833237	0.833237
1.576000	0.828496	0.828496
1.578000	0.825336	0.825336
1.580000	0.825020	0.825020
1.582000	0.831025	0.831025
1.584000	0.832605	0.832605
1.586000	0.833869	0.833869
1.588000	0.825652	0.825652
1.590000	0.823755	0.823755
1.592000	0.825968	0.825968
1.594000	0.831341	0.831341
1.596000	0.830709	0.830709
1.598000	0.826284	0.826284
1.600000	0.823123	0.823123
1.602000	0.824703	0.824703
1.604000	0.832605	0.832605
1.606000	0.834502	0.834502
1.608000	0.830393	0.830393
1.610000	0.826284	0.826284
1.612000	0.825336	0.825336
1.614000	0.828812	0.828812
1.616000	0.832605	0.832605
1.618000	0.829444	0.829444
1.620000	0.823439	0.823439
1.622000	0.823123	0.823123
1.624000	0.825652	0.825652
1.626000	0.830393	0.830393
1.628000	0.830393	0.830393
1.630000	0.826916	0.826916
1.632000	0.826600	0.826600
1.634000	0.828180	0.828180
1.636000	0.830709	0.830709
1.638000	0.832289	0.832289
1.640000	0.829444	0.829444
1.642000	0.826284	0.826284
1.644000	0.826600	0.826600
1.646000	0.829444	0.829444
1.648000	0.830709	0.830709
1.650000	0.829128	0.829128
1.652000	0.826284	0.826284
1.654000	0.825020	0.825020
1.656000	0.826284	0.826284
1.658000	0.828180	0.828180
1.660000	0.828812	0.828812
1.662000	0.826284	0.826284
1.664000	0.826600	0.826600
1.666000	0.827548	0.827548
1.668000	0.829761	0.829761
1.670000	0.829444	0.829444
1.672000	0.827864	0.827864
1.674000	0.823755	0.823755
1.676000	0.821227	0.821227
1.678000	0.820595	0.820595
1.680000	0.821543	0.821543
1.682000	0.826284	0.826284
1.684000	0.828180	0.828180
1.686000	0.825336	0.825336
1.688000	0.825652	0.825652
1.690000	0.825652	0.825652
1.692000	0.824703	0.824703
1.694000	0.826600	0.826600
1.696000	0.828496	0.828496
1.698000	0.829128	0.829128
1.700000	0.826916	0.826916
1.702000	0.826284	0.826284
1.704000	0.829128	0.829128
1.706000	0.827232	0.827232
1.708000	0.828180	0.828180
1.710000	0.826600	0.826600
1.712000	0.826916	0.826916
1.714000	0.826600	0.826600
1.716000	0.826916	0.826916
1.718000	0.829128	0.829128
1.720000	0.828812	0.828812
1.722000	0.826916	0.826916
1.724000	0.826600	0.826600
1.726000	0.827232	0.827232
1.728000	0.828180	0.828180
1.730000	0.826600	0.826600
1.732000	0.828496	0.828496
1.734000	0.827548	0.827548
1.736000	0.827232	0.827232
1.738000	0.829444	0.829444
1.740000	0.828812	0.828812
1.742000	0.828180	0.828180
1.744000	0.828180	0.828180
1.746000	0.827864	0.827864
1.748000	0.826916	0.826916
1.750000	0.828180	0.828180
1.752000	0.827864	0.827864
1.754000	0.827232	0.827232
1.756000	0.828496	0.828496
1.758000	0.827232	0.827232
1.760000	0.827864	0.827864
1.762000	0.827864	0.827864
1.764000	0.830393	0.830393
1.766000	0.828496	0.828496
1.768000	0.828496	0.828496
1.770000	0.829128	0.829128
1.772000	0.829128	0.829128
1.774000	0.828812	0.828812
1.776000	0.828496	0.828496
1.778000	0.827864	0.827864
1.780000	0.828812	0.828812
1.782000	0.828812	0.828812
1.784000	0.828812	0.828812
1.786000	0.828180	0.828180
1.788000	0.827548	0.827548
1.790000	0.827232	0.827232
1.792000	0.827548	0.827548
1.794000	0.829444	0.829444
1.796000	0.827232	0.827232
1.798000	0.826284	0.826284
1.800000	0.827864	0.827864
1.802000	0.828180	0.828180
1.804000	0.829761	0.829761
1.806000	0.828180	0.828180
1.808000	0.828812	0.828812
1.810000	0.828496	0.828496
1.812000	0.827548	0.827548
1.814000	0.827232	0.827232
1.816000	0.827864	0.827864
1.818000	0.828180	0.828180
1.820000	0.828812	0.828812
1.822000	0.827864	0.827864
1.824000	0.829128	0.829128
1.826000	0.829761	0.829761
1.828000	0.828180	0.828180
1.830000	0.829128	0.829128
1.832000	0.828180	0.828180
1.834000	0.827864	0.827864
1.836000	0.828180	0.828180
1.838000	0.827548	0.827548
1.840000	0.829444	0.829444
1.842000	0.827548	0.827548
1.844000	0.828496	0.828496
1.846000	0.828180	0.828180
1.848000	0.826600	0.826600
1.850000	0.826600	0.826600
1.852000	0.828812	0.828812
1.854000	0.828496	0.828496
1.856000	0.828180	0.828180
1.858000	0.826284	0.826284
1.860000	0.829444	0.829444
1.862000	0.827864	0.827864
1.864000	0.828180	0.828180
1.866000	0.826916	0.826916
1.868000	0.828496	0.828496
1.870000	0.829128	0.829128
1.872000	0.829128	0.829128
1.874000	0.827864	0.827864
1.876000	0.830077	0.830077
1.878000	0.829128	0.829128
1.880000	0.827548	0.827548
1.882000	0.828812	0.828812
1.884000	0.828812	0.828812
1.886000	0.828812	0.828812
1.888000	0.829128	0.829128
1.890000	0.828496	0.828496
1.892000	0.827864	0.827864
1.894000	0.828180	0.828180
1.896000	0.828180	0.828180
1.898000	0.828496	0.828496
1.900000	0.827864	0.827864
1.902000	0.828496	0.828496
1.904000	0.829128	0.829128
1.906000	0.827548	0.827548
1.908000	0.827232	0.827232
1.910000	0.828496	0.828496
1.912000	0.828496	0.828496
1.914000	0.827232	0.827232
1.916000	0.827864	0.827864
1.918000	0.827864	0.827864
1.920000	0.828180	0.828180
1.922000	0.829128	0.829128
1.924000	0.829128	0.829128
1.926000	0.828180	0.828180
1.928000	0.828496	0.828496
1.930000	0.828812	0.828812
1.932000	0.828496	0.828496
1.934000	0.828812	0.828812
1.936000	0.828180	0.828180
1.938000	0.829761	0.829761
1.940000	0.827548	0.827548
1.942000	0.828812	0.828812
1.944000	0.828180	0.828180
1.946000	0.827864	0.827864
1.948000	0.830077	0.830077
1.950000	0.829761	0.829761
1.952000	0.829761	0.829761
1.954000	0.828180	0.828180
1.956000	0.827864	0.827864
1.958000	0.828496	0.828496
1.960000	0.827232	0.827232
1.962000	0.828180	0.828180
1.964000	0.828496	0.828496
1.966000	0.828812	0.828812
1.968000	0.828812	0.828812
1.970000	0.827548	0.827548
1.972000	0.828180	0.828180
1.974000	0.828496	0.828496
1.976000	0.827864	0.827864
1.978000	0.828812	0.828812
1.980000	0.827548	0.827548
1.982000	0.826916	0.826916
1.984000	0.828180	0.828180
1.986000	0.827548	0.827548
1.988000	0.828180	0.828180
1.990000	0.828180	0.828180
1.992000	0.825968	0.825968
1.994000	0.828812	0.828812
1.996000	0.828180	0.828180
1.998000	0.827548	0.827548
2.000000	0.826916	0.826916
2.002000	0.829761	0.829761
2.004000	0.829128	0.829128
2.006000	0.828812	0.828812
2.008000	0.828812	0.828812
2.010000	0.828496	0.828496
2.012000	0.829761	0.829761
2.014000	0.827548	0.827548
2.016000	0.828180	0.828180
2.018000	0.828496	0.828496
2.020000	0.827232	0.827232
2.022000	0.828496	0.828496
2.024000	0.828812	0.828812
2.026000	0.827864	0.827864
2.028000	0.827864	0.827864
2.030000	0.827864	0.827864
2.032000	0.826284	0.826284
2.034000	0.829444	0.829444
2.036000	0.827548	0.827548
2.038000	0.828180	0.828180
2.040000	0.827548	0.827548
2.042000	0.827548	0.827548
2.044000	0.826916	0.826916
2.046000	0.828812	0.828812
2.048000	0.827232	0.827232
2.050000	0.828496	0.828496
2.052000	0.827864	0.827864
2.054000	0.828180	0.828180
2.056000	0.828180	0.828180
2.058000	0.828496	0.828496
2.060000	0.826916	0.826916
2.062000	0.829128	0.829128
2.064000	0.828180	0.828180
2.066000	0.826284	0.826284
2.068000	0.828812	0.828812
2.070000	0.830077	0.830077
2.072000	0.827864	0.827864
2.074000	0.828812	0.828812
2.076000	0.828496	0.828496
2.078000	0.828180	0.828180
2.080000	0.828496	0.828496
2.082000	0.827864	0.827864
2.084000	0.827864	0.827864
2.086000	0.829128	0.829128
2.088000	0.828496	0.828496
2.090000	0.828812	0.828812
2.092000	0.828496	0.828496
2.094000	0.828180	0.828180
2.096000	0.829128	0.829128
2.098000	0.828180	0.828180
2.100000	0.827864	0.827864
2.102000	0.828496	0.828496
2.104000	0.827548	0.827548
2.106000	0.828496	0.828496
2.108000	0.828496	0.828496
2.110000	0.827548	0.827548
2.112000	0.828496	0.828496
2.114000	0.827864	0.827864
2.116000	0.828812	0.828812
2.118000	0.827548	0.827548
2.120000	0.827548	0.827548
2.122000	0.828180	0.828180
2.124000	0.828180	0.828180
2.126000	0.828812	0.828812
2.128000	0.827864	0.827864
2.130000	0.827232	0.827232
2.132000	0.827548	0.827548
2.134000	0.826284	0.826284
2.136000	0.828496	0.828496
2.138000	0.827548	0.827548
2.140000	0.826916	0.826916
2.142000	0.827864	0.827864
2.144000	0.827864	0.827864
2.146000	0.826916	0.826916
2.148000	0.826916	0.826916
2.150000	0.828180	0.828180
2.152000	0.827864	0.827864
2.154000	0.826600	0.826600
2.156000	0.826916	0.826916
2.158000	0.828180	0.828180
2.160000	0.829128	0.829128
2.162000	0.826284	0.826284
2.164000	0.827548	0.827548
2.166000	0.828496	0.828496
2.168000	0.828812	0.828812
2.170000	0.828180	0.828180
2.172000	0.827864	0.827864
2.174000	0.828812	0.828812
2.176000	0.827548	0.827548
2.178000	0.828496	0.828496
2.180000	0.828180	0.828180
2.182000	0.828812	0.828812
2.184000	0.828180	0.828180
2.186000	0.828180	0.828180
2.188000	0.828496	0.828496
2.190000	0.827864	0.827864
2.192000	0.829444	0.829444
2.194000	0.828496	0.828496
2.196000	0.829128	0.829128
2.198000	0.826916	0.826916
2.200000	0.826600	0.826600
2.202000	0.827232	0.827232
2.204000	0.828180	0.828180
2.206000	0.828496	0.828496
2.208000	0.827864	0.827864
2.210000	0.827548	0.827548
2.212000	0.828180	0.828180
2.214000	0.826916	0.826916
2.216000	0.827864	0.827864
2.218000	0.828180	0.828180
2.220000	0.826916	0.826916
2.222000	0.828496	0.828496
2.224000	0.828180	0.828180
2.226000	0.826916	0.826916
2.228000	0.827548	0.827548
2.230000	0.828812	0.828812
2.232000	0.827232	0.827232
2.234000	0.828496	0.828496
2.236000	0.828812	0.828812
2.238000	0.828812	0.828812
2.240000	0.828812	0.828812
2.242000	0.826916	0.826916
2.244000	0.827864	0.827864
2.246000	0.828812	0.828812
2.248000	0.827232	0.827232
2.250000	0.827548	0.827548
2.252000	0.829444	0.829444
2.254000	0.828496	0.828496
2.256000	0.828496	0.828496
2.258000	0.826916	0.826916
2.260000	0.829761	0.829761
2.262000	0.828180	0.828180
2.264000	0.828180	0.828180
2.266000	0.828496	0.828496
2.268000	0.826916	0.826916
2.270000	0.826916	0.826916
2.272000	0.828496	0.828496
2.274000	0.827864	0.827864
2.276000	0.827548	0.827548
2.278000	0.828180	0.828180
2.280000	0.828812	0.828812
2.282000	0.827864	0.827864
2.284000	0.828180	0.828180
2.286000	0.827548	0.827548
2.288000	0.828180	0.828180
2.290000	0.829761	0.829761
2.292000	0.828180	0.828180
2.294000	0.828180	0.828180
2.296000	0.827548	0.827548
2.298000	0.829128	0.829128
2.300000	0.828812	0.828812
2.302000	0.826916	0.826916
2.304000	0.827548	0.827548
2.306000	0.827548	0.827548
2.308000	0.828496	0.828496
2.310000	0.827548	0.827548
2.312000	0.828812	0.828812
2.314000	0.828496	0.828496
2.316000	0.827232	0.827232
2.318000	0.828496	0.828496
2.320000	0.826916	0.826916
2.322000	0.828496	0.828496
2.324000	0.828496	0.828496
2.326000	0.827232	0.827232
2.328000	0.827232	0.827232
2.330000	0.828496	0.828496
2.332000	0.826600	0.826600
2.334000	0.829128	0.829128
2.336000	0.826916	0.826916
2.338000	0.828180	0.828180
2.340000	0.828496	0.828496
2.342000	0.828496	0.828496
2.344000	0.828180	0.828180
2.346000	0.826916	0.826916
2.348000	0.828496	0.828496
2.350000	0.827232	0.827232
2.352000	0.828180	0.828180
2.354000	0.828180	0.828180
2.356000	0.827232	0.827232
2.358000	0.827864	0.827864
2.360000	0.829128	0.829128
2.362000	0.828180	0.828180
2.364000	0.828812	0.828812
2.366000	0.827548	0.827548
2.368000	0.830077	0.830077
2.370000	0.828180	0.828180
2.372000	0.827232	0.827232
2.374000	0.827864	0.827864
2.376000	0.826916	0.826916
2.378000	0.827864	0.827864
2.380000	0.827548	0.827548
2.382000	0.828180	0.828180
2.384000	0.827864	0.827864
2.386000	0.827864	0.827864
2.388000	0.828812	0.828812
2.390000	0.828812	0.828812
2.392000	0.827864	0.827864
2.394000	0.827864	0.827864
2.396000	0.827232	0.827232
2.398000	0.828812	0.828812
2.400000	0.828496	0.828496
2.402000	0.827864	0.827864
2.404000	0.827232	0.827232
2.406000	0.828180	0.828180
2.408000	0.827864	0.827864
2.410000	0.828180	0.828180
2.412000	0.828180	0.828180
2.414000	0.827548	0.827548
2.416000	0.827864	0.827864
2.418000	0.828180	0.828180
2.420000	0.827548	0.827548
2.422000	0.829444	0.829444
2.424000	0.827232	0.827232
2.426000	0.827864	0.827864
2.428000	0.829128	0.829128
2.430000	0.827864	0.827864
2.432000	0.827548	0.827548
2.434000	0.827548	0.827548
2.436000	0.828812	0.828812
2.438000	0.829128	0.829128
2.440000	0.826916	0.826916
2.442000	0.828180	0.828180
2.444000	0.827548	0.827548
2.446000	0.827232	0.827232
2.448000	0.829128	0.829128
2.450000	0.829444	0.829444
2.452000	0.828812	0.828812
2.454000	0.826916	0.826916
2.456000	0.827864	0.827864
2.458000	0.828496	0.828496
2.460000	0.826916	0.826916
2.462000	0.827548	0.827548
2.464000	0.829444	0.829444
2.466000	0.828180	0.828180
2.468000	0.828496	0.828496
2.470000	0.827864	0.827864
2.472000	0.826916	0.826916
2.474000	0.826600	0.826600
2.476000	0.828496	0.828496
2.478000	0.827232	0.827232
2.480000	0.828180	0.828180
2.482000	0.828496	0.828496
2.484000	0.829444	0.829444
2.486000	0.828180	0.828180
2.488000	0.826916	0.826916
2.490000	0.827548	0.827548
2.492000	0.827864	0.827864
2.494000	0.827548	0.827548
2.496000	0.828180	0.828180
2.498000	0.828812	0.828812
2.500000	0.826916	0.826916
2.502000	0.827232	0.827232
2.504000	0.827864	0.827864
2.506000	0.826284	0.826284
2.508000	0.828812	0.828812
2.510000	0.826284	0.826284
2.512000	0.827232	0.827232
2.514000	0.827548	0.827548
2.516000	0.829444	0.829444
2.518000	0.827232	0.827232
2.520000	0.829128	0.829128
2.522000	0.827548	0.827548
2.524000	0.828180	0.828180
2.526000	0.826916	0.826916
2.528000	0.829444	0.829444
2.530000	0.827548	0.827548
2.532000	0.827864	0.827864
2.534000	0.827864	0.827864
2.536000	0.828812	0.828812
2.538000	0.828180	0.828180
2.540000	0.828180	0.828180
2.542000	0.828180	0.828180
2.544000	0.828496	0.828496
2.546000	0.827864	0.827864
2.548000	0.828812	0.828812
2.550000	0.828496	0.828496
2.552000	0.827548	0.827548
2.554000	0.828812	0.828812
2.556000	0.827864	0.827864
2.558000	0.827232	0.827232
2.560000	0.828180	0.828180
2.562000	0.825652	0.825652
2.564000	0.827864	0.827864
2.566000	0.827548	0.827548
2.568000	0.828496	0.828496
2.570000	0.829444	0.829444
2.572000	0.828496	0.828496
2.574000	0.827548	0.827548
2.576000	0.826916	0.826916
2.578000	0.828496	0.828496
2.580000	0.827232	0.827232
2.582000	0.826284	0.826284
2.584000	0.826916	0.826916
2.586000	0.825968	0.825968
2.588000	0.827548	0.827548
2.590000	0.826284	0.826284
2.592000	0.826916	0.826916
2.594000	0.828180	0.828180
2.596000	0.827864	0.827864
2.598000	0.828812	0.828812
2.600000	0.828496	0.828496
2.602000	0.827864	0.827864
2.604000	0.827864	0.827864
2.606000	0.828496	0.828496
2.608000	0.826916	0.826916
2.610000	0.827548	0.827548
2.612000	0.828812	0.828812
2.614000	0.828496	0.828496
2.616000	0.828496	0.828496
2.618000	0.826916	0.826916
2.620000	0.827548	0.827548
2.622000	0.827864	0.827864
2.624000	0.827864	0.827864
2.626000	0.827548	0.827548
2.628000	0.828812	0.828812
2.630000	0.828496	0.828496
2.632000	0.829128	0.829128
2.634000	0.829761	0.829761
2.636000	0.828496	0.828496
2.638000	0.827864	0.827864
2.640000	0.828180	0.828180
2.642000	0.828496	0.828496
2.644000	0.826916	0.826916
2.646000	0.828180	0.828180
2.648000	0.827548	0.827548
2.650000	0.828180	0.828180
2.652000	0.827864	0.827864
2.654000	0.828180	0.828180
2.656000	0.827864	0.827864
2.658000	0.828496	0.828496
2.660000	0.828812	0.828812
2.662000	0.827232	0.827232
2.664000	0.826600	0.826600
2.666000	0.827864	0.827864
2.668000	0.827548	0.827548
2.670000	0.828812	0.828812
2.672000	0.828180	0.828180
2.674000	0.827864	0.827864
2.676000	0.829128	0.829128
2.678000	0.827548	0.827548
2.680000	0.827548	0.827548
2.682000	0.828180	0.828180
2.684000	0.827864	0.827864
2.686000	0.827548	0.827548
2.688000	0.827232	0.827232
2.690000	0.827232	0.827232
2.692000	0.829444	0.829444
2.694000	0.829444	0.829444
2.696000	0.829444	0.829444
2.698000	0.828180	0.828180
2.700000	0.827232	0.827232
2.702000	0.828812	0.828812
2.704000	0.826284	0.826284
2.706000	0.827864	0.827864
2.708000	0.828180	0.828180
2.710000	0.828180	0.828180
2.712000	0.826600	0.826600
2.714000	0.827864	0.827864
2.716000	0.827548	0.827548
2.718000	0.828812	0.828812
2.720000	0.828180	0.828180
2.722000	0.828496	0.828496
2.724000	0.827232	0.827232
2.726000	0.828496	0.828496
2.728000	0.828812	0.828812
2.730000	0.827548	0.827548
2.732000	0.829761	0.829761
2.734000	0.827548	0.827548
2.736000	0.829444	0.829444
2.738000	0.829444	0.829444
2.740000	0.826916	0.826916
2.742000	0.827232	0.827232
2.744000	0.828496	0.828496
2.746000	0.828180	0.828180
2.748000	0.829128	0.829128
2.750000	0.827864	0.827864
2.752000	0.828812	0.828812
2.754000	0.829444	0.829444
2.756000	0.829444	0.829444
2.758000	0.829444	0.829444
2.760000	0.826284	0.826284
2.762000	0.828812	0.828812
2.764000	0.829128	0.829128
2.766000	0.827548	0.827548
2.768000	0.828496	0.828496
2.770000	0.828496	0.828496
2.772000	0.827864	0.827864
2.774000	0.826916	0.826916
2.776000	0.828812	0.828812
2.778000	0.829761	0.829761
2.780000	0.828180	0.828180
2.782000	0.828496	0.828496
2.784000	0.829128	0.829128
2.786000	0.827548	0.827548
2.788000	0.827232	0.827232
2.790000	0.827232	0.827232
2.792000	0.829128	0.829128
2.794000	0.828812	0.828812
2.796000	0.827232	0.827232
2.798000	0.828496	0.828496
2.800000	0.827864	0.827864
2.802000	0.827548	0.827548
2.804000	0.829128	0.829128
2.806000	0.828180	0.828180
2.808000	0.827548	0.827548
2.810000	0.826916	0.826916
2.812000	0.829128	0.829128
2.814000	0.827548	0.827548
2.816000	0.828496	0.828496
2.818000	0.826916	0.826916
2.820000	0.826916	0.826916
2.822000	0.828496	0.828496
2.824000	0.827864	0.827864
2.826000	0.827548	0.827548
2.828000	0.826600	0.826600
2.830000	0.827864	0.827864
2.832000	0.828180	0.828180
2.834000	0.826916	0.826916
2.836000	0.827548	0.827548
2.838000	0.826916	0.826916
2.840000	0.826284	0.826284
2.842000	0.828180	0.828180
2.844000	0.828812	0.828812
2.846000	0.826600	0.826600
2.848000	0.827548	0.827548
2.850000	0.827232	0.827232
2.852000	0.828812	0.828812
2.854000	0.827864	0.827864
2.856000	0.827548	0.827548
2.858000	0.827548	0.827548
2.860000	0.827864	0.827864
2.862000	0.827232	0.827232
2.864000	0.828812	0.828812
2.866000	0.825968	0.825968
2.868000	0.826284	0.826284
2.870000	0.827548	0.827548
2.872000	0.828180	0.828180
2.874000	0.828180	0.828180
2.876000	0.828180	0.828180
2.878000	0.827548	0.827548
2.880000	0.828812	0.828812
2.882000	0.827864	0.827864
2.884000	0.827864	0.827864
2.886000	0.828180	0.828180
2.888000	0.825968	0.825968
2.890000	0.826916	0.826916
2.892000	0.826284	0.826284
2.894000	0.828180	0.828180
2.896000	0.825968	0.825968
2.898000	0.827864	0.827864
2.900000	0.825968	0.825968
2.902000	0.825968	0.825968
2.904000	0.827232	0.827232
2.906000	0.826916	0.826916
2.908000	0.826916	0.826916
2.910000	0.826600	0.826600
2.912000	0.826284	0.826284
2.914000	0.827864	0.827864
2.916000	0.823439	0.823439
2.918000	0.825336	0.825336
2.920000	0.826600	0.826600
2.922000	0.826284	0.826284
2.924000	0.826284	0.826284
2.926000	0.825336	0.825336
2.928000	0.827864	0.827864
2.930000	0.825968	0.825968
2.932000	0.826600	0.826600
2.934000	0.826600	0.826600
2.936000	0.826600	0.826600
2.938000	0.825020	0.825020
2.940000	0.826284	0.826284
2.942000	0.825968	0.825968
2.944000	0.825968	0.825968
2.946000	0.827548	0.827548
2.948000	0.826600	0.826600
2.950000	0.826916	0.826916
2.952000	0.826916	0.826916
2.954000	0.826916	0.826916
2.956000	0.828496	0.828496
2.958000	0.826600	0.826600
2.960000	0.826600	0.826600
2.962000	0.826916	0.826916
2.964000	0.828496	0.828496
2.966000	0.828496	0.828496
2.968000	0.827864	0.827864
2.970000	0.826916	0.826916
2.972000	0.827864	0.827864
2.974000	0.826284	0.826284
2.976000	0.826916	0.826916
2.978000	0.829444	0.829444
2.980000	0.827864	0.827864
2.982000	0.828496	0.828496
2.984000	0.826916	0.826916
2.986000	0.829128	0.829128
2.988000	0.828180	0.828180
2.990000	0.828812	0.828812
2.992000	0.826916	0.826916
2.994000	0.829128	0.829128
2.996000	0.827864	0.827864
2.998000	0.829444	0.829444
3.000000	0.828496	0.828496
3.002000	0.829444	0.829444
3.004000	0.829444	0.829444
3.006000	0.830709	0.830709
3.008000	0.830077	0.830077
3.010000	0.830077	0.830077
3.012000	0.830393	0.830393
3.014000	0.830077	0.830077
3.016000	0.830393	0.830393
3.018000	0.831341	0.831341
3.020000	0.831025	0.831025
3.022000	0.831025	0.831025
3.024000	0.831025	0.831025
3.026000	0.830709	0.830709
3.028000	0.831025	0.831025
3.030000	0.831341	0.831341
3.032000	0.830393	0.830393
3.034000	0.829761	0.829761
3.036000	0.829128	0.829128
3.038000	0.828180	0.828180
3.040000	0.829761	0.829761
3.042000	0.828496	0.828496
3.044000	0.830393	0.830393
3.046000	0.830393	0.830393
3.048000	0.828496	0.828496
3.050000	0.829444	0.829444
3.052000	0.830393	0.830393
3.054000	0.829128	0.829128
3.056000	0.829444	0.829444
3.058000	0.828812	0.828812
3.060000	0.831341	0.831341
3.062000	0.829444	0.829444
3.064000	0.830077	0.830077
3.066000	0.830393	0.830393
3.068000	0.830393	0.830393
3.070000	0.831025	0.831025
3.072000	0.829444	0.829444
3.074000	0.830077	0.830077
3.076000	0.830393	0.830393
3.078000	0.830393	0.830393
3.080000	0.831025	0.831025
3.082000	0.831025	0.831025
3.084000	0.829128	0.829128
3.086000	0.830709	0.830709
3.088000	0.830077	0.830077
3.090000	0.831341	0.831341
3.092000	0.829128	0.829128
3.094000	0.830077	0.830077
3.096000	0.830709	0.830709
3.098000	0.830077	0.830077
3.100000	0.830709	0.830709
3.102000	0.830393	0.830393
3.104000	0.829128	0.829128
3.106000	0.829444	0.829444
3.108000	0.830709	0.830709
3.110000	0.829444	0.829444
3.112000	0.831341	0.831341
3.114000	0.831657	0.831657
3.116000	0.829444	0.829444
3.118000	0.828812	0.828812
3.120000	0.827864	0.827864
3.122000	0.828496	0.828496
3.124000	0.829444	0.829444
3.126000	0.827548	0.827548
3.128000	0.827864	0.827864
3.130000	0.830077	0.830077
3.132000	0.830393	0.830393
3.134000	0.828812	0.828812
3.136000	0.827864	0.827864
3.138000	0.829128	0.829128
3.140000	0.828812	0.828812
3.142000	0.828812	0.828812
3.144000	0.827864	0.827864
3.146000	0.828180	0.828180
3.148000	0.827864	0.827864
3.150000	0.826600	0.826600
3.152000	0.828180	0.828180
3.154000	0.826916	0.826916
3.156000	0.826600	0.826600
3.158000	0.827232	0.827232
3.160000	0.826916	0.826916
3.162000	0.825336	0.825336
3.164000	0.825652	0.825652
3.166000	0.826284	0.826284
3.168000	0.826284	0.826284
3.170000	0.823755	0.823755
3.172000	0.824387	0.824387
3.174000	0.824071	0.824071
3.176000	0.823439	0.823439
3.178000	0.823439	0.823439
3.180000	0.824071	0.824071
3.182000	0.822807	0.822807
3.184000	0.822807	0.822807
3.186000	0.821859	0.821859
3.188000	0.821543	0.821543
3.190000	0.822491	0.822491
3.192000	0.821227	0.821227
3.194000	0.822491	0.822491
3.196000	0.821859	0.821859
3.198000	0.820911	0.820911
3.200000	0.820595	0.820595
3.202000	0.820595	0.820595
3.204000	0.818382	0.818382
3.206000	0.819014	0.819014
3.208000	0.818698	0.818698
3.210000	0.819646	0.819646
3.212000	0.818698	0.818698
3.214000	0.818066	0.818066
3.216000	0.818698	0.818698
3.218000	0.819014	0.819014
3.220000	0.817434	0.817434
3.222000	0.817118	0.817118
3.224000	0.813641	0.813641
3.226000	0.817434	0.817434
3.228000	0.816486	0.816486
3.230000	0.814273	0.814273
3.232000	0.814273	0.814273
3.234000	0.813957	0.813957
3.236000	0.813325	0.813325
3.238000	0.813009	0.813009
3.240000	0.813009	0.813009
3.242000	0.812061	0.812061
3.244000	0.812693	0.812693
3.246000	0.810481	0.810481
3.248000	0.810481	0.810481
3.250000	0.811113	0.811113
3.252000	0.810164	0.810164
3.254000	0.811429	0.811429
3.256000	0.810481	0.810481
3.258000	0.810481	0.810481
3.260000	0.807952	0.807952
3.262000	0.807636	0.807636
3.264000	0.807952	0.807952
3.266000	0.805740	0.805740
3.268000	0.805740	0.805740
3.270000	0.807320	0.807320
3.272000	0.807636	0.807636
3.274000	0.806688	0.806688
3.276000	0.807004	0.807004
3.278000	0.806688	0.806688
3.280000	0.806688	0.806688
3.282000	0.806688	0.806688
3.284000	0.807952	0.807952
3.286000	0.806372	0.806372
3.288000	0.807952	0.807952
3.290000	0.806688	0.806688
3.292000	0.807320	0.807320
3.294000	0.806688	0.806688
3.296000	0.809848	0.809848
3.298000	0.810164	0.810164
3.300000	0.809216	0.809216
3.302000	0.808584	0.808584
3.304000	0.811745	0.811745
3.306000	0.810797	0.810797
3.308000	0.812377	0.812377
3.310000	0.813325	0.813325
3.312000	0.813009	0.813009
3.314000	0.814905	0.814905
3.316000	0.813957	0.813957
3.318000	0.815538	0.815538
3.320000	0.815854	0.815854
3.322000	0.815854	0.815854
3.324000	0.814905	0.814905
3.326000	0.816170	0.816170
3.328000	0.817118	0.817118
3.330000	0.816170	0.816170
3.332000	0.817434	0.817434
3.334000	0.816486	0.816486
3.336000	0.816170	0.816170
3.338000	0.816170	0.816170
3.340000	0.815854	0.815854
3.342000	0.816170	0.816170
3.344000	0.816486	0.816486
3.346000	0.813957	0.813957
3.348000	0.813009	0.813009
3.350000	0.813009	0.813009
3.352000	0.813009	0.813009
3.354000	0.813009	0.813009
3.356000	0.811745	0.811745
3.358000	0.811745	0.811745
3.360000	0.811429	0.811429
3.362000	0.813009	0.813009
3.364000	0.811429	0.811429
3.366000	0.810164	0.810164
3.368000	0.808900	0.808900
3.370000	0.808268	0.808268
3.372000	0.808900	0.808900
3.374000	0.807952	0.807952
3.376000	0.807952	0.807952
3.378000	0.807636	0.807636
3.380000	0.806056	0.806056
3.382000	0.805423	0.805423
3.384000	0.805107	0.805107
3.386000	0.804159	0.804159
3.388000	0.804159	0.804159
3.390000	0.802895	0.802895
3.392000	0.801631	0.801631
3.394000	0.800999	0.800999
3.396000	0.801315	0.801315
3.398000	0.800682	0.800682
3.400000	0.801315	0.801315
3.402000	0.800366	0.800366
3.404000	0.797522	0.797522
3.406000	0.799102	0.799102
3.408000	0.796258	0.796258
3.410000	0.796574	0.796574
3.412000	0.795625	0.795625
3.414000	0.796258	0.796258
3.416000	0.795941	0.795941
3.418000	0.794677	0.794677
3.420000	0.793097	0.793097
3.422000	0.793413	0.793413
3.424000	0.791517	0.791517
3.426000	0.790884	0.790884
3.428000	0.791833	0.791833
3.430000	0.790884	0.790884
3.432000	0.791517	0.791517
3.434000	0.791517	0.791517
3.436000	0.792465	0.792465
3.438000	0.789936	0.789936
3.440000	0.789936	0.789936
3.442000	0.790568	0.790568
3.444000	0.791201	0.791201
3.446000	0.790252	0.790252
3.448000	0.790884	0.790884
3.450000	0.791517	0.791517
3.452000	0.791201	0.791201
3.454000	0.791201	0.791201
3.456000	0.790884	0.790884
3.458000	0.790252	0.790252
3.460000	0.790252	0.790252
3.462000	0.790568	0.790568
3.464000	0.790252	0.790252
3.466000	0.789936	0.789936
3.468000	0.790252	0.790252
3.470000	0.791517	0.791517
3.472000	0.791517	0.791517
3.474000	0.792465	0.792465
3.476000	0.792465	0.792465
3.478000	0.791833	0.791833
3.480000	0.793413	0.793413
3.482000	0.793729	0.793729
3.484000	0.791833	0.791833
3.486000	0.793729	0.793729
3.488000	0.795941	0.795941
3.490000	0.794677	0.794677
3.492000	0.795625	0.795625
3.494000	0.795625	0.795625
3.496000	0.796574	0.796574
3.498000	0.796258	0.796258
3.500000	0.796890	0.796890
3.502000	0.796574	0.796574
3.504000	0.797838	0.797838
3.506000	0.797206	0.797206
3.508000	0.796258	0.796258
3.510000	0.797522	0.797522
3.512000	0.796574	0.796574
3.514000	0.794677	0.794677
3.516000	0.795941	0.795941
3.518000	0.795941	0.795941
3.520000	0.795625	0.795625
3.522000	0.796574	0.796574
3.524000	0.796258	0.796258
3.526000	0.795309	0.795309
3.528000	0.796574	0.796574
3.530000	0.795625	0.795625
3.532000	0.796574	0.796574
3.534000	0.795309	0.795309
3.536000	0.793097	0.793097
3.538000	0.792781	0.792781
3.540000	0.791201	0.791201
3.542000	0.790568	0.790568
3.544000	0.790884	0.790884
3.546000	0.792149	0.792149
3.548000	0.790252	0.790252
3.550000	0.790884	0.790884
3.552000	0.789620	0.789620
3.554000	0.790568	0.790568
3.556000	0.790252	0.790252
3.558000	0.787724	0.787724
3.560000	0.790884	0.790884
3.562000	0.788040	0.788040
3.564000	0.787724	0.787724
3.566000	0.787724	0.787724
3.568000	0.788040	0.788040
3.570000	0.785827	0.785827
3.572000	0.787724	0.787724
3.574000	0.786776	0.786776
3.576000	0.786460	0.786460
3.578000	0.787408	0.787408
3.580000	0.787408	0.787408
3.582000	0.787092	0.787092
3.584000	0.787408	0.787408
3.586000	0.788040	0.788040
3.588000	0.786460	0.786460
3.590000	0.788988	0.788988
3.592000	0.789936	0.789936
3.594000	0.790252	0.790252
3.596000	0.789620	0.789620
3.598000	0.789620	0.789620
3.600000	0.789304	0.789304
3.602000	0.788988	0.788988
3.604000	0.788356	0.788356
3.606000	0.790568	0.790568
3.608000	0.792149	0.792149
3.610000	0.791201	0.791201
3.612000	0.790252	0.790252
3.614000	0.790884	0.790884
3.616000	0.792781	0.792781
3.618000	0.791517	0.791517
3.620000	0.791517	0.791517
3.622000	0.792149	0.792149
3.624000	0.792465	0.792465
3.626000	0.792465	0.792465
3.628000	0.793097	0.793097
3.630000	0.793729	0.793729
3.632000	0.794993	0.794993
3.634000	0.794045	0.794045
3.636000	0.795309	0.795309
3.638000	0.793729	0.793729
3.640000	0.795625	0.795625
3.642000	0.793413	0.793413
3.644000	0.798470	0.798470
3.646000	0.797206	0.797206
3.648000	0.798470	0.798470
3.650000	0.799102	0.799102
3.652000	0.800999	0.800999
3.654000	0.801315	0.801315
3.656000	0.802895	0.802895
3.658000	0.802263	0.802263
3.660000	0.803211	0.803211
3.662000	0.804159	0.804159
3.664000	0.803527	0.803527
3.666000	0.805423	0.805423
3.668000	0.805423	0.805423
3.670000	0.806688	0.806688
3.672000	0.805423	0.805423
3.674000	0.806688	0.806688
3.676000	0.805740	0.805740
3.678000	0.805107	0.805107
3.680000	0.806372	0.806372
3.682000	0.805107	0.805107
3.684000	0.805107	0.805107
3.686000	0.805107	0.805107
3.688000	0.803843	0.803843
3.690000	0.802263	0.802263
3.692000	0.802263	0.802263
3.694000	0.800682	0.800682
3.696000	0.802263	0.802263
3.698000	0.801631	0.801631
3.700000	0.800682	0.800682
3.702000	0.805107	0.805107
3.704000	0.816170	0.816170
3.706000	0.832289	0.832289
3.708000	0.843351	0.843351
3.710000	0.841455	0.841455
3.712000	0.827864	0.827864
3.714000	0.813325	0.813325
3.716000	0.810797	0.810797
3.718000	0.821227	0.821227
3.720000	0.840507	0.840507
3.722000	0.824387	0.824387
3.724000	0.811429	0.811429
3.726000	0.822491	0.822491
3.728000	0.829444	0.829444
3.730000	0.826916	0.826916
3.732000	0.822807	0.822807
3.734000	0.826600	0.826600
3.736000	0.832921	0.832921
3.738000	0.833553	0.833553
3.740000	0.828180	0.828180
3.742000	0.825336	0.825336
3.744000	0.826916	0.826916
3.746000	0.833869	0.833869
3.748000	0.834502	0.834502
3.750000	0.830393	0.830393
3.752000	0.828812	0.828812
3.754000	0.830393	0.830393
3.756000	0.834818	0.834818
3.758000	0.839559	0.839559
3.760000	0.834185	0.834185
3.762000	0.830393	0.830393
3.764000	0.829128	0.829128
3.766000	0.833237	0.833237
3.768000	0.838294	0.838294
3.770000	0.836082	0.836082
3.772000	0.831341	0.831341
3.774000	0.830077	0.830077
3.776000	0.833237	0.833237
3.778000	0.838294	0.838294
3.780000	0.838294	0.838294
3.782000	0.834185	0.834185
3.784000	0.830709	0.830709
3.786000	0.831973	0.831973
3.788000	0.834185	0.834185
3.790000	0.837030	0.837030
3.792000	0.836398	0.836398
3.794000	0.832289	0.832289
3.796000	0.831973	0.831973
3.798000	0.833553	0.833553
3.800000	0.835450	0.835450
3.802000	0.837030	0.837030
3.804000	0.833553	0.833553
3.806000	0.830709	0.830709
3.808000	0.830077	0.830077
3.810000	0.835134	0.835134
3.812000	0.836398	0.836398
3.814000	0.835766	0.835766
3.816000	0.831973	0.831973
3.818000	0.831025	0.831025
3.820000	0.834185	0.834185
3.822000	0.837346	0.837346
3.824000	0.838926	0.838926
3.826000	0.833869	0.833869
3.828000	0.831025	0.831025
3.830000	0.831341	0.831341
3.832000	0.835134	0.835134
3.834000	0.837346	0.837346
3.836000	0.836714	0.836714
3.838000	0.832605	0.832605
3.840000	0.830077	0.830077
3.842000	0.834502	0.834502
3.844000	0.836398	0.836398
3.846000	0.836082	0.836082
3.848000	0.834185	0.834185
3.850000	0.831657	0.831657
3.852000	0.832289	0.832289
3.854000	0.835450	0.835450
3.856000	0.836398	0.836398
3.858000	0.834185	0.834185
3.860000	0.830709	0.830709
3.862000	0.831341	0.831341
3.864000	0.831973	0.831973
3.866000	0.836398	0.836398
3.868000	0.834502	0.834502
3.870000	0.833237	0.833237
3.872000	0.832289	0.832289
3.874000	0.833237	0.833237
3.876000	0.836082	0.836082
3.878000	0.839242	0.839242
3.880000	0.833237	0.833237
3.882000	0.831341	0.831341
3.884000	0.831973	0.831973
3.886000	0.834185	0.834185
3.888000	0.835766	0.835766
3.890000	0.836082	0.836082
3.892000	0.833237	0.833237
3.894000	0.831341	0.831341
3.896000	0.834185	0.834185
3.898000	0.835766	0.835766
3.900000	0.836714	0.836714
3.902000	0.834185	0.834185
3.904000	0.832289	0.832289
3.906000	0.833553	0.833553
3.908000	0.834185	0.834185
3.910000	0.836714	0.836714
3.912000	0.835134	0.835134
3.914000	0.834502	0.834502
3.916000	0.831973	0.831973
3.918000	0.832921	0.832921
3.920000	0.834502	0.834502
3.922000	0.834502	0.834502
3.924000	0.833237	0.833237
3.926000	0.830709	0.830709
3.928000	0.833869	0.833869
3.930000	0.834818	0.834818
3.932000	0.835450	0.835450
3.934000	0.835766	0.835766
3.936000	0.832605	0.832605
3.938000	0.832605	0.832605
3.940000	0.833869	0.833869
3.942000	0.837030	0.837030
3.944000	0.835450	0.835450
3.946000	0.832605	0.832605
3.948000	0.833869	0.833869
3.950000	0.833553	0.833553
3.952000	0.833869	0.833869
3.954000	0.834185	0.834185
3.956000	0.834818	0.834818
3.958000	0.831973	0.831973
3.960000	0.831973	0.831973
3.962000	0.834502	0.834502
3.964000	0.834818	0.834818
3.966000	0.832605	0.832605
3.968000	0.832921	0.832921
3.970000	0.831973	0.831973
3.972000	0.833237	0.833237
3.974000	0.835134	0.835134
3.976000	0.834185	0.834185
3.978000	0.833553	0.833553
3.980000	0.832921	0.832921
3.982000	0.833553	0.833553
3.984000	0.835450	0.835450
3.986000	0.834818	0.834818
3.988000	0.834502	0.834502
3.990000	0.833237	0.833237
3.992000	0.832289	0.832289
3.994000	0.833869	0.833869
3.996000	0.835134	0.835134
3.998000	0.833869	0.833869
4.000000	0.833553	0.833553
4.002000	0.831973	0.831973
4.004000	0.833869	0.833869
4.006000	0.834818	0.834818
4.008000	0.835134	0.835134
4.010000	0.833237	0.833237
4.012000	0.831973	0.831973
4.014000	0.832289	0.832289
4.016000	0.832605	0.832605
4.018000	0.835450	0.835450
4.020000	0.834185	0.834185
4.022000	0.833237	0.833237
4.024000	0.832605	0.832605
4.026000	0.831341	0.831341
4.028000	0.835766	0.835766
4.030000	0.834818	0.834818
4.032000	0.833553	0.833553
4.034000	0.832605	0.832605
4.036000	0.835766	0.835766
4.038000	0.834502	0.834502
4.040000	0.833869	0.833869
4.042000	0.835766	0.835766
4.044000	0.832605	0.832605
4.046000	0.832921	0.832921
4.048000	0.834818	0.834818
4.050000	0.834502	0.834502
4.052000	0.835450	0.835450
4.054000	0.832289	0.832289
4.056000	0.835134	0.835134
4.058000	0.834502	0.834502
4.060000	0.834502	0.834502
4.062000	0.834502	0.834502
4.064000	0.835450	0.835450
4.066000	0.833237	0.833237
4.068000	0.834185	0.834185
4.070000	0.833553	0.833553
4.072000	0.834185	0.834185
4.074000	0.835450	0.835450
4.076000	0.833553	0.833553
4.078000	0.832921	0.832921
4.080000	0.832605	0.832605
4.082000	0.834502	0.834502
4.084000	0.835766	0.835766
4.086000	0.833237	0.833237
4.088000	0.833237	0.833237
4.090000	0.834185	0.834185
4.092000	0.835450	0.835450
4.094000	0.835450	0.835450
4.096000	0.834185	0.834185
4.098000	0.833869	0.833869
4.100000	0.834502	0.834502
4.102000	0.834818	0.834818
4.104000	0.835450	0.835450
4.106000	0.836082	0.836082
4.108000	0.836082	0.836082
4.110000	0.832605	0.832605
4.112000	0.834818	0.834818
4.114000	0.833237	0.833237
4.116000	0.834502	0.834502
4.118000	0.834818	0.834818
4.120000	0.834185	0.834185
4.122000	0.833237	0.833237
4.124000	0.832605	0.832605
4.126000	0.834502	0.834502
4.128000	0.832921	0.832921
4.130000	0.832921	0.832921
4.132000	0.832605	0.832605
4.134000	0.833237	0.833237
4.136000	0.834502	0.834502
4.138000	0.834502	0.834502
4.140000	0.833869	0.833869
4.142000	0.833237	0.833237
4.144000	0.834185	0.834185
4.146000	0.833553	0.833553
4.148000	0.832921	0.832921
4.150000	0.832921	0.832921
4.152000	0.834502	0.834502
4.154000	0.833553	0.833553
4.156000	0.834185	0.834185
4.158000	0.833869	0.833869
4.160000	0.836082	0.836082
4.162000	0.833869	0.833869
4.164000	0.833869	0.833869
4.166000	0.833237	0.833237
4.168000	0.835450	0.835450
4.170000	0.834502	0.834502
4.172000	0.834818	0.834818
4.174000	0.832289	0.832289
4.176000	0.833553	0.833553
4.178000	0.832921	0.832921
4.180000	0.835450	0.835450
4.182000	0.834502	0.834502
4.184000	0.834818	0.834818
4.186000	0.832921	0.832921
4.188000	0.834185	0.834185
4.190000	0.832605	0.832605
4.192000	0.835766	0.835766
4.194000	0.833553	0.833553
4.196000	0.832921	0.832921
4.198000	0.833237	0.833237
4.200000	0.835134	0.835134
4.202000	0.833869	0.833869
4.204000	0.834185	0.834185
4.206000	0.833553	0.833553
4.208000	0.833869	0.833869
4.210000	0.831973	0.831973
4.212000	0.834502	0.834502
4.214000	0.836082	0.836082
4.216000	0.834502	0.834502
4.218000	0.833553	0.833553
4.220000	0.834502	0.834502
4.222000	0.833237	0.833237
4.224000	0.836398	0.836398
4.226000	0.834185	0.834185
4.228000	0.832605	0.832605
4.230000	0.833869	0.833869
4.232000	0.834818	0.834818
4.234000	0.835134	0.835134
4.236000	0.835766	0.835766
4.238000	0.833553	0.833553
4.240000	0.833869	0.833869
4.242000	0.834502	0.834502
4.244000	0.833237	0.833237
4.246000	0.833869	0.833869
4.248000	0.834502	0.834502
4.250000	0.834185	0.834185
4.252000	0.833553	0.833553
4.254000	0.835766	0.835766
4.256000	0.834185	0.834185
4.258000	0.833553	0.833553
4.260000	0.835134	0.835134
4.262000	0.834502	0.834502
4.264000	0.833553	0.833553
4.266000	0.836082	0.836082
4.268000	0.834502	0.834502
4.270000	0.834502	0.834502
4.272000	0.835134	0.835134
4.274000	0.833869	0.833869
4.276000	0.834502	0.834502
4.278000	0.834502	0.834502
4.280000	0.835450	0.835450
4.282000	0.832921	0.832921
4.284000	0.833237	0.833237
4.286000	0.833237	0.833237
4.288000	0.833237	0.833237
4.290000	0.833869	0.833869
4.292000	0.833237	0.833237
4.294000	0.833237	0.833237
4.296000	0.832921	0.832921
4.298000	0.833237	0.833237
4.300000	0.833869	0.833869
4.302000	0.834185	0.834185
4.304000	0.833237	0.833237
4.306000	0.833869	0.833869
4.308000	0.833553	0.833553
4.310000	0.833869	0.833869
4.312000	0.833869	0.833869
4.314000	0.833237	0.833237
4.316000	0.834185	0.834185
4.318000	0.833553	0.833553
4.320000	0.834502	0.834502
4.322000	0.834818	0.834818
4.324000	0.834185	0.834185
4.326000	0.834185	0.834185
4.328000	0.832605	0.832605
4.330000	0.834502	0.834502
4.332000	0.835450	0.835450
4.334000	0.835450	0.835450
4.336000	0.832921	0.832921
4.338000	0.834502	0.834502
4.340000	0.833869	0.833869
4.342000	0.834185	0.834185
4.344000	0.833237	0.833237
4.346000	0.834502	0.834502
4.348000	0.834502	0.834502
4.350000	0.834818	0.834818
4.352000	0.834502	0.834502
4.354000	0.834502	0.834502
4.356000	0.834185	0.834185
4.358000	0.833869	0.833869
4.360000	0.832605	0.832605
4.362000	0.835450	0.835450
4.364000	0.834502	0.834502
4.366000	0.836398	0.836398
4.368000	0.832921	0.832921
4.370000	0.834185	0.834185
4.372000	0.833869	0.833869
4.374000	0.832921	0.832921
4.376000	0.833553	0.833553
4.378000	0.832605	0.832605
4.380000	0.833237	0.833237
4.382000	0.833553	0.833553
4.384000	0.833237	0.833237
4.386000	0.836082	0.836082
4.388000	0.834502	0.834502
4.390000	0.832921	0.832921
4.392000	0.835450	0.835450
4.394000	0.835450	0.835450
4.396000	0.835450	0.835450
4.398000	0.833869	0.833869
4.400000	0.832921	0.832921
4.402000	0.833553	0.833553
4.404000	0.836082	0.836082
4.406000	0.834502	0.834502
4.408000	0.834502	0.834502
4.410000	0.835450	0.835450
4.412000	0.832921	0.832921
4.414000	0.833237	0.833237
4.416000	0.833553	0.833553
4.418000	0.833869	0.833869
4.420000	0.833553	0.833553
4.422000	0.835766	0.835766
4.424000	0.833869	0.833869
4.426000	0.834502	0.834502
4.428000	0.834185	0.834185
4.430000	0.834818	0.834818
4.432000	0.834185	0.834185
4.434000	0.833237	0.833237
4.436000	0.833553	0.833553
4.438000	0.832605	0.832605
4.440000	0.834502	0.834502
4.442000	0.835766	0.835766
4.444000	0.834502	0.834502
4.446000	0.832921	0.832921
4.448000	0.833869	0.833869
4.450000	0.833869	0.833869
4.452000	0.833869	0.833869
4.454000	0.834502	0.834502
4.456000	0.834185	0.834185
4.458000	0.833553	0.833553
4.460000	0.834185	0.834185
4.462000	0.834818	0.834818
4.464000	0.834185	0.834185
4.466000	0.833237	0.833237
4.468000	0.834185	0.834185
4.470000	0.834185	0.834185
4.472000	0.834818	0.834818
4.474000	0.833869	0.833869
4.476000	0.833869	0.833869
4.478000	0.833237	0.833237
4.480000	0.834502	0.834502
4.482000	0.834502	0.834502
4.484000	0.834818	0.834818
4.486000	0.834818	0.834818
4.488000	0.834185	0.834185
4.490000	0.833553	0.833553
4.492000	0.833237	0.833237
4.494000	0.832605	0.832605
4.496000	0.833869	0.833869
4.498000	0.833553	0.833553
4.500000	0.833553	0.833553
4.502000	0.833237	0.833237
4.504000	0.833869	0.833869
4.506000	0.835766	0.835766
4.508000	0.835134	0.835134
4.510000	0.833869	0.833869
4.512000	0.833869	0.833869
4.514000	0.832605	0.832605
4.516000	0.834502	0.834502
4.518000	0.834185	0.834185
4.520000	0.834185	0.834185
4.522000	0.833553	0.833553
4.524000	0.834185	0.834185
4.526000	0.834818	0.834818
4.528000	0.834818	0.834818
4.530000	0.833869	0.833869
4.532000	0.833237	0.833237
4.534000	0.834502	0.834502
4.536000	0.833237	0.833237
4.538000	0.833869	0.833869
4.540000	0.834185	0.834185
4.542000	0.834818	0.834818
4.544000	0.833553	0.833553
4.546000	0.832921	0.832921
4.548000	0.833553	0.833553
4.550000	0.833869	0.833869
4.552000	0.835450	0.835450
4.554000	0.835134	0.835134
4.556000	0.835450	0.835450
4.558000	0.833869	0.833869
4.560000	0.834818	0.834818
4.562000	0.834185	0.834185
4.564000	0.833237	0.833237
4.566000	0.834185	0.834185
4.568000	0.835134	0.835134
4.570000	0.834502	0.834502
4.572000	0.833869	0.833869
4.574000	0.834502	0.834502
4.576000	0.834502	0.834502
4.578000	0.834818	0.834818
4.580000	0.834502	0.834502
4.582000	0.833237	0.833237
4.584000	0.832605	0.832605
4.586000	0.833237	0.833237
4.588000	0.833869	0.833869
4.590000	0.831973	0.831973
4.592000	0.834502	0.834502
4.594000	0.833869	0.833869
4.596000	0.832605	0.832605
4.598000	0.832921	0.832921
4.600000	0.835450	0.835450
4.602000	0.834502	0.834502
4.604000	0.834502	0.834502
4.606000	0.833553	0.833553
4.608000	0.833237	0.833237
4.610000	0.832921	0.832921
4.612000	0.834818	0.834818
4.614000	0.835450	0.835450
4.616000	0.832605	0.832605
4.618000	0.833553	0.833553
4.620000	0.832605	0.832605
4.622000	0.833869	0.833869
4.624000	0.833869	0.833869
4.626000	0.833869	0.833869
4.628000	0.834185	0.834185
4.630000	0.832921	0.832921
4.632000	0.833237	0.833237
4.634000	0.834185	0.834185
4.636000	0.833869	0.833869
4.638000	0.835134	0.835134
4.640000	0.833553	0.833553
4.642000	0.833553	0.833553
4.644000	0.833869	0.833869
4.646000	0.834818	0.834818
4.648000	0.833869	0.833869
4.650000	0.834185	0.834185
4.652000	0.834502	0.834502
4.654000	0.834502	0.834502
4.656000	0.833553	0.833553
4.658000	0.835134	0.835134
4.660000	0.833553	0.833553
4.662000	0.833553	0.833553
4.664000	0.832921	0.832921
4.666000	0.833553	0.833553
4.668000	0.834502	0.834502
4.670000	0.832921	0.832921
4.672000	0.835766	0.835766
4.674000	0.833553	0.833553
4.676000	0.833869	0.833869
4.678000	0.834185	0.834185
4.680000	0.834185	0.834185
4.682000	0.833237	0.833237
4.684000	0.834502	0.834502
4.686000	0.834185	0.834185
4.688000	0.834502	0.834502
4.690000	0.834818	0.834818
4.692000	0.833237	0.833237
4.694000	0.833869	0.833869
4.696000	0.834185	0.834185
4.698000	0.833553	0.833553
4.700000	0.833237	0.833237
4.702000	0.834185	0.834185
4.704000	0.833553	0.833553
4.706000	0.834502	0.834502
4.708000	0.831973	0.831973
4.710000	0.834502	0.834502
4.712000	0.833237	0.833237
4.714000	0.834185	0.834185
4.716000	0.833869	0.833869
4.718000	0.835450	0.835450
4.720000	0.834502	0.834502
4.722000	0.833237	0.833237
4.724000	0.835134	0.835134
4.726000	0.834185	0.834185
4.728000	0.835450	0.835450
4.730000	0.833553	0.833553
4.732000	0.834502	0.834502
4.734000	0.833869	0.833869
4.736000	0.834818	0.834818
4.738000	0.834502	0.834502
4.740000	0.833869	0.833869
4.742000	0.833869	0.833869
4.744000	0.833553	0.833553
4.746000	0.833869	0.833869
4.748000	0.832605	0.832605
4.750000	0.833869	0.833869
4.752000	0.834502	0.834502
4.754000	0.834502	0.834502
4.756000	0.834502	0.834502
4.758000	0.834502	0.834502
4.760000	0.835766	0.835766
4.762000	0.833237	0.833237
4.764000	0.835134	0.835134
4.766000	0.834502	0.834502
4.768000	0.833869	0.833869
4.770000	0.834818	0.834818
4.772000	0.833869	0.833869
4.774000	0.835766	0.835766
4.776000	0.833869	0.833869
4.778000	0.834502	0.834502
4.780000	0.832605	0.832605
4.782000	0.833869	0.833869
4.784000	0.832605	0.832605
4.786000	0.833869	0.833869
4.788000	0.834185	0.834185
4.790000	0.833237	0.833237
4.792000	0.834185	0.834185
4.794000	0.834502	0.834502
4.796000	0.834185	0.834185
4.798000	0.834502	0.834502
4.800000	0.832605	0.832605
4.802000	0.832921	0.832921
4.804000	0.832921	0.832921
4.806000	0.832605	0.832605
4.808000	0.833553	0.833553
4.810000	0.833869	0.833869
4.812000	0.833869	0.833869
4.814000	0.833869	0.833869
4.816000	0.834502	0.834502
4.818000	0.835450	0.835450
4.820000	0.832921	0.832921
4.822000	0.834185	0.834185
4.824000	0.833553	0.833553
4.826000	0.833553	0.833553
4.828000	0.834502	0.834502
4.830000	0.832605	0.832605
4.832000	0.835766	0.835766
4.834000	0.833869	0.833869
4.836000	0.833553	0.833553
4.838000	0.832921	0.832921
4.840000	0.833869	0.833869
4.842000	0.833553	0.833553
4.844000	0.833553	0.833553
4.846000	0.833869	0.833869
4.848000	0.832605	0.832605
4.850000	0.833869	0.833869
4.852000	0.833869	0.833869
4.854000	0.833869	0.833869
4.856000	0.833869	0.833869
4.858000	0.834502	0.834502
4.860000	0.833869	0.833869
4.862000	0.833553	0.833553
4.864000	0.834502	0.834502
4.866000	0.834502	0.834502
4.868000	0.834185	0.834185
4.870000	0.834818	0.834818
4.872000	0.833237	0.833237
4.874000	0.834185	0.834185
4.876000	0.834185	0.834185
4.878000	0.833237	0.833237
4.880000	0.834818	0.834818
4.882000	0.834185	0.834185
4.884000	0.834185	0.834185
4.886000	0.835450	0.835450
4.888000	0.834502	0.834502
4.890000	0.833553	0.833553
4.892000	0.832605	0.832605
4.894000	0.834818	0.834818
4.896000	0.833869	0.833869
4.898000	0.834818	0.834818
4.900000	0.834502	0.834502
4.902000	0.832289	0.832289
4.904000	0.833869	0.833869
4.906000	0.834818	0.834818
4.908000	0.833237	0.833237
4.910000	0.834502	0.834502
4.912000	0.835766	0.835766
4.914000	0.835134	0.835134
4.916000	0.833237	0.833237
4.918000	0.835134	0.835134
4.920000	0.833553	0.833553
4.922000	0.835134	0.835134
4.924000	0.834502	0.834502
4.926000	0.833553	0.833553
4.928000	0.834502	0.834502
4.930000	0.832921	0.832921
4.932000	0.832289	0.832289
4.934000	0.832921	0.832921
4.936000	0.834818	0.834818
4.938000	0.834818	0.834818
4.940000	0.833237	0.833237
4.942000	0.835450	0.835450
4.944000	0.833237	0.833237
4.946000	0.833869	0.833869
4.948000	0.833869	0.833869
4.950000	0.833237	0.833237
4.952000	0.833869	0.833869
4.954000	0.832921	0.832921
4.956000	0.832289	0.832289
4.958000	0.833237	0.833237
4.960000	0.836082	0.836082
4.962000	0.833237	0.833237
4.964000	0.833869	0.833869
4.966000	0.831657	0.831657
4.968000	0.833869	0.833869
4.970000	0.834502	0.834502
4.972000	0.832289	0.832289
4.974000	0.833869	0.833869
4.976000	0.834502	0.834502
4.978000	0.834502	0.834502
4.980000	0.832921	0.832921
4.982000	0.835134	0.835134
4.984000	0.833869	0.833869
4.986000	0.832605	0.832605
4.988000	0.833553	0.833553
4.990000	0.835134	0.835134
4.992000	0.833237	0.833237
4.994000	0.832921	0.832921
4.996000	0.833869	0.833869
4.998000	0.833869	0.833869
5.000000	0.834502	0.834502
5.002000	0.833237	0.833237
5.004000	0.832921	0.832921
5.006000	0.833553	0.833553
5.008000	0.834502	0.834502
5.010000	0.834502	0.834502
5.012000	0.834502	0.834502
5.014000	0.834185	0.834185
5.016000	0.833869	0.833869
5.018000	0.833237	0.833237
5.020000	0.834502	0.834502
5.022000	0.834502	0.834502
5.024000	0.833237	0.833237
5.026000	0.833237	0.833237
5.028000	0.833869	0.833869
5.030000	0.836398	0.836398
5.032000	0.833869	0.833869
5.034000	0.836082	0.836082
5.036000	0.833553	0.833553
5.038000	0.834185	0.834185
5.040000	0.832289	0.832289
5.042000	0.831657	0.831657
5.044000	0.832921	0.832921
5.046000	0.835450	0.835450
5.048000	0.833869	0.833869
5.050000	0.833869	0.833869
5.052000	0.834502	0.834502
5.054000	0.832289	0.832289
5.056000	0.834502	0.834502
5.058000	0.833237	0.833237
5.060000	0.833237	0.833237
5.062000	0.833869	0.833869
5.064000	0.833553	0.833553
5.066000	0.832605	0.832605
5.068000	0.833237	0.833237
5.070000	0.835134	0.835134
5.072000	0.833553	0.833553
5.074000	0.833869	0.833869
5.076000	0.833869	0.833869
5.078000	0.834818	0.834818
5.080000	0.834502	0.834502
5.082000	0.833553	0.833553
5.084000	0.833237	0.833237
5.086000	0.833237	0.833237
5.088000	0.833553	0.833553
5.090000	0.836082	0.836082
5.092000	0.834185	0.834185
5.094000	0.833869	0.833869
5.096000	0.835766	0.835766
5.098000	0.834185	0.834185
5.100000	0.833237	0.833237
5.102000	0.833553	0.833553
5.104000	0.834502	0.834502
5.106000	0.832921	0.832921
5.108000	0.834502	0.834502
5.110000	0.835134	0.835134
5.112000	0.835134	0.835134
5.114000	0.835766	0.835766
5.116000	0.833869	0.833869
5.118000	0.832605	0.832605
5.120000	0.834818	0.834818
5.122000	0.833553	0.833553
5.124000	0.834502	0.834502
5.126000	0.835450	0.835450
5.128000	0.835134	0.835134
5.130000	0.834185	0.834185
5.132000	0.833869	0.833869
5.134000	0.833553	0.833553
5.136000	0.832921	0.832921
5.138000	0.835134	0.835134
5.140000	0.833553	0.833553
5.142000	0.832605	0.832605
5.144000	0.833237	0.833237
5.146000	0.834185	0.834185
5.148000	0.832605	0.832605
5.150000	0.833237	0.833237
5.152000	0.834185	0.834185
5.154000	0.833869	0.833869
5.156000	0.833553	0.833553
5.158000	0.833869	0.833869
5.160000	0.834818	0.834818
5.162000	0.834185	0.834185
5.164000	0.833869	0.833869
5.166000	0.834502	0.834502
5.168000	0.833869	0.833869
5.170000	0.833237	0.833237
5.172000	0.834185	0.834185
5.174000	0.834185	0.834185
5.176000	0.833553	0.833553
5.178000	0.834502	0.834502
5.180000	0.833237	0.833237
5.182000	0.832921	0.832921
5.184000	0.832289	0.832289
5.186000	0.833869	0.833869
5.188000	0.831973	0.831973
5.190000	0.832605	0.832605
5.192000	0.834185	0.834185
5.194000	0.834502	0.834502
5.196000	0.834185	0.834185
5.198000	0.833869	0.833869
5.200000	0.833237	0.833237
5.202000	0.834185	0.834185
5.204000	0.833237	0.833237
5.206000	0.833869	0.833869
5.208000	0.834502	0.834502
5.210000	0.835766	0.835766
5.212000	0.833553	0.833553
5.214000	0.833237	0.833237
5.216000	0.833869	0.833869
5.218000	0.834185	0.834185
5.220000	0.833553	0.833553
5.222000	0.832921	0.832921
5.224000	0.833869	0.833869
5.226000	0.834185	0.834185
5.228000	0.833869	0.833869
5.230000	0.832921	0.832921
5.232000	0.834502	0.834502
5.234000	0.835450	0.835450
5.236000	0.833869	0.833869
5.238000	0.833237	0.833237
5.240000	0.832921	0.832921
5.242000	0.833553	0.833553
5.244000	0.833869	0.833869
5.246000	0.833869	0.833869
5.248000	0.833869	0.833869
5.250000	0.833553	0.833553
5.252000	0.832605	0.832605
5.254000	0.834502	0.834502
5.256000	0.833553	0.833553
5.258000	0.836082	0.836082
5.260000	0.833869	0.833869
5.262000	0.832605	0.832605
5.264000	0.833553	0.833553
5.266000	0.833237	0.833237
5.268000	0.834185	0.834185
5.270000	0.834185	0.834185
5.272000	0.832921	0.832921
5.274000	0.833869	0.833869
5.276000	0.832921	0.832921
5.278000	0.833553	0.833553
5.280000	0.834502	0.834502
5.282000	0.832289	0.832289
5.284000	0.835134	0.835134
5.286000	0.833553	0.833553
5.288000	0.834185	0.834185
5.290000	0.834502	0.834502
5.292000	0.832921	0.832921
5.294000	0.834818	0.834818
5.296000	0.835450	0.835450
5.298000	0.833553	0.833553
5.300000	0.833869	0.833869
5.302000	0.835450	0.835450
5.304000	0.833553	0.833553
5.306000	0.833237	0.833237
5.308000	0.834502	0.834502
5.310000	0.833869	0.833869
5.312000	0.833237	0.833237
5.314000	0.834502	0.834502
5.316000	0.833869	0.833869
5.318000	0.834502	0.834502
5.320000	0.834502	0.834502
5.322000	0.834502	0.834502
5.324000	0.832289	0.832289
5.326000	0.833869	0.833869
5.328000	0.833869	0.833869
5.330000	0.834502	0.834502
5.332000	0.834818	0.834818
5.334000	0.834502	0.834502
5.336000	0.834502	0.834502
5.338000	0.834818	0.834818
5.340000	0.834185	0.834185
5.342000	0.832289	0.832289
5.344000	0.834502	0.834502
5.346000	0.833237	0.833237
5.348000	0.832605	0.832605
5.350000	0.833553	0.833553
5.352000	0.833237	0.833237
5.354000	0.834818	0.834818
5.356000	0.833237	0.833237
5.358000	0.833553	0.833553
5.360000	0.835134	0.835134
5.362000	0.835450	0.835450
5.364000	0.833237	0.833237
5.366000	0.833553	0.833553
5.368000	0.834185	0.834185
5.370000	0.833237	0.833237
5.372000	0.834502	0.834502
5.374000	0.832605	0.832605
5.376000	0.835134	0.835134
5.378000	0.833237	0.833237
5.380000	0.833869	0.833869
5.382000	0.832605	0.832605
5.384000	0.833553	0.833553
5.386000	0.832289	0.832289
5.388000	0.834818	0.834818
5.390000	0.835450	0.835450
5.392000	0.833869	0.833869
5.394000	0.833869	0.833869
5.396000	0.835134	0.835134
5.398000	0.834818	0.834818
5.400000	0.833869	0.833869
5.402000	0.835134	0.835134
5.404000	0.833237	0.833237
5.406000	0.833553	0.833553
5.408000	0.832921	0.832921
5.410000	0.834502	0.834502
5.412000	0.834502	0.834502
5.414000	0.832921	0.832921
5.416000	0.832921	0.832921
5.418000	0.833237	0.833237
5.420000	0.833869	0.833869
5.422000	0.833869	0.833869
5.424000	0.833237	0.833237
5.426000	0.834185	0.834185
5.428000	0.833553	0.833553
5.430000	0.834502	0.834502
5.432000	0.833553	0.833553
5.434000	0.834185	0.834185
5.436000	0.832289	0.832289
5.438000	0.833553	0.833553
5.440000	0.834502	0.834502
5.442000	0.834502	0.834502
5.444000	0.832289	0.832289
5.446000	0.833869	0.833869
5.448000	0.834502	0.834502
5.450000	0.834185	0.834185
5.452000	0.835450	0.835450
5.454000	0.833237	0.833237
5.456000	0.833553	0.833553
5.458000	0.834502	0.834502
5.460000	0.833869	0.833869
5.462000	0.835450	0.835450
5.464000	0.834502	0.834502
5.466000	0.833237	0.833237
5.468000	0.834185	0.834185
5.470000	0.834185	0.834185
5.472000	0.833553	0.833553
5.474000	0.833553	0.833553
5.476000	0.834185	0.834185
5.478000	0.835450	0.835450
5.480000	0.833869	0.833869
5.482000	0.833869	0.833869
5.484000	0.834818	0.834818
5.486000	0.836082	0.836082
5.488000	0.834502	0.834502
5.490000	0.835450	0.835450
5.492000	0.834818	0.834818
5.494000	0.834502	0.834502
5.496000	0.834502	0.834502
5.498000	0.835766	0.835766
5.500000	0.835450	0.835450
5.502000	0.834502	0.834502
5.504000	0.833237	0.833237
5.506000	0.832605	0.832605
5.508000	0.833553	0.833553
5.510000	0.836082	0.836082
5.512000	0.833553	0.833553
5.514000	0.834185	0.834185
5.516000	0.833237	0.833237
5.518000	0.834185	0.834185
5.520000	0.833237	0.833237
5.522000	0.832605	0.832605
5.524000	0.832921	0.832921
5.526000	0.833553	0.833553
5.528000	0.832289	0.832289
5.530000	0.834818	0.834818
5.532000	0.834185	0.834185
5.534000	0.832605	0.832605
5.536000	0.831973	0.831973
5.538000	0.835134	0.835134
5.540000	0.833237	0.833237
5.542000	0.836082	0.836082
5.544000	0.833869	0.833869
5.546000	0.834502	0.834502
5.548000	0.833869	0.833869
5.550000	0.834502	0.834502
5.552000	0.834502	0.834502
5.554000	0.831657	0.831657
5.556000	0.832921	0.832921
5.558000	0.833237	0.833237
5.560000	0.834502	0.834502
5.562000	0.834185	0.834185
5.564000	0.832921	0.832921
5.566000	0.834185	0.834185
5.568000	0.833237	0.833237
5.570000	0.833237	0.833237
5.572000	0.835134	0.835134
5.574000	0.834185	0.834185
5.576000	0.831025	0.831025
5.578000	0.833869	0.833869
5.580000	0.833869	0.833869
5.582000	0.833553	0.833553
5.584000	0.834818	0.834818
5.586000	0.833553	0.833553
5.588000	0.834502	0.834502
5.590000	0.832921	0.832921
5.592000	0.831973	0.831973
5.594000	0.834502	0.834502
5.596000	0.834185	0.834185
5.598000	0.832605	0.832605
5.600000	0.833869	0.833869
5.602000	0.834185	0.834185
5.604000	0.833869	0.833869
5.606000	0.835766	0.835766
5.608000	0.834818	0.834818
5.610000	0.833237	0.833237
5.612000	0.832921	0.832921
5.614000	0.833237	0.833237
5.616000	0.833237	0.833237
5.618000	0.833869	0.833869
5.620000	0.834818	0.834818
5.622000	0.835766	0.835766
5.624000	0.833553	0.833553
5.626000	0.833869	0.833869
5.628000	0.832921	0.832921
5.630000	0.833553	0.833553
5.632000	0.834502	0.834502
5.634000	0.833237	0.833237
5.636000	0.833869	0.833869
5.638000	0.833237	0.833237
5.640000	0.833869	0.833869
5.642000	0.831973	0.831973
5.644000	0.833553	0.833553
5.646000	0.832605	0.832605
5.648000	0.833869	0.833869
5.650000	0.832605	0.832605
5.652000	0.833553	0.833553
5.654000	0.835134	0.835134
5.656000	0.834502	0.834502
5.658000	0.833869	0.833869
5.660000	0.833553	0.833553
5.662000	0.834185	0.834185
5.664000	0.834502	0.834502
5.666000	0.833237	0.833237
5.668000	0.833869	0.833869
5.670000	0.833869	0.833869
5.672000	0.834502	0.834502
5.674000	0.835450	0.835450
5.676000	0.832921	0.832921
5.678000	0.834502	0.834502
5.680000	0.834502	0.834502
5.682000	0.833869	0.833869
5.684000	0.833869	0.833869
5.686000	0.834185	0.834185
5.688000	0.834502	0.834502
5.690000	0.834502	0.834502
5.692000	0.834185	0.834185
5.694000	0.834502	0.834502
5.696000	0.833553	0.833553
5.698000	0.834502	0.834502
5.700000	0.834502	0.834502
5.702000	0.834818	0.834818
5.704000	0.835134	0.835134
5.706000	0.833553	0.833553
5.708000	0.834185	0.834185
5.710000	0.833553	0.833553
5.712000	0.833869	0.833869
5.714000	0.835450	0.835450
5.716000	0.834502	0.834502
5.718000	0.833869	0.833869
5.720000	0.835450	0.835450
5.722000	0.833869	0.833869
5.724000	0.835450	0.835450
5.726000	0.833237	0.833237
5.728000	0.833869	0.833869
5.730000	0.833869	0.833869
5.732000	0.834502	0.834502
5.734000	0.832921	0.832921
5.736000	0.833869	0.833869
5.738000	0.833869	0.833869
5.740000	0.835766	0.835766
5.742000	0.832921	0.832921
5.744000	0.833553	0.833553
5.746000	0.834502	0.834502
5.748000	0.832921	0.832921
5.750000	0.834502	0.834502
5.752000	0.834185	0.834185
5.754000	0.832289	0.832289
5.756000	0.833553	0.833553
5.758000	0.834185	0.834185
5.760000	0.832605	0.832605
5.762000	0.833869	0.833869
5.764000	0.833869	0.833869
5.766000	0.834185	0.834185
5.768000	0.831973	0.831973
5.770000	0.834818	0.834818
5.772000	0.833237	0.833237
5.774000	0.834185	0.834185
5.776000	0.834502	0.834502
5.778000	0.832921	0.832921
5.780000	0.834502	0.834502
5.782000	0.832921	0.832921
5.784000	0.833869	0.833869
5.786000	0.833869	0.833869
5.788000	0.834818	0.834818
5.790000	0.834185	0.834185
5.792000	0.833869	0.833869
5.794000	0.833869	0.833869
5.796000	0.835450	0.835450
5.798000	0.833237	0.833237
5.800000	0.834502	0.834502
5.802000	0.833237	0.833237
5.804000	0.835134	0.835134
5.806000	0.833869	0.833869
5.808000	0.834502	0.834502
5.810000	0.832605	0.832605
5.812000	0.835134	0.835134
5.814000	0.833553	0.833553
5.816000	0.833869	0.833869
5.818000	0.833869	0.833869
5.820000	0.834185	0.834185
5.822000	0.832289	0.832289
5.824000	0.833237	0.833237
5.826000	0.832921	0.832921
5.828000	0.833237	0.833237
5.830000	0.834818	0.834818
5.832000	0.832605	0.832605
5.834000	0.834502	0.834502
5.836000	0.833869	0.833869
5.838000	0.833553	0.833553
5.840000	0.833237	0.833237
5.842000	0.834185	0.834185
5.844000	0.833869	0.833869
5.846000	0.832921	0.832921
5.848000	0.833869	0.833869
5.850000	0.834185	0.834185
5.852000	0.834502	0.834502
5.854000	0.833237	0.833237
5.856000	0.833869	0.833869
5.858000	0.833869	0.833869
5.860000	0.834502	0.834502
5.862000	0.834185	0.834185
5.864000	0.833553	0.833553
5.866000	0.834818	0.834818
5.868000	0.833869	0.833869
5.870000	0.833869	0.833869
5.872000	0.834502	0.834502
5.874000	0.834502	0.834502
5.876000	0.834818	0.834818
5.878000	0.834502	0.834502
5.880000	0.834185	0.834185
5.882000	0.832921	0.832921
5.884000	0.833869	0.833869
5.886000	0.835134	0.835134
5.888000	0.834185	0.834185
5.890000	0.834185	0.834185
5.892000	0.835766	0.835766
5.894000	0.834502	0.834502
5.896000	0.834818	0.834818
5.898000	0.833553	0.833553
5.900000	0.834502	0.834502
5.902000	0.834502	0.834502
5.904000	0.834818	0.834818
5.906000	0.833869	0.833869
5.908000	0.834818	0.834818
5.910000	0.834185	0.834185
5.912000	0.833237	0.833237
5.914000	0.833869	0.833869
5.916000	0.834185	0.834185
5.918000	0.834818	0.834818
5.920000	0.833237	0.833237
5.922000	0.835766	0.835766
5.924000	0.832605	0.832605
5.926000	0.833237	0.833237
5.928000	0.833869	0.833869
5.930000	0.833869	0.833869
5.932000	0.834185	0.834185
5.934000	0.833237	0.833237
5.936000	0.832921	0.832921
5.938000	0.833553	0.833553
5.940000	0.833869	0.833869
5.942000	0.834502	0.834502
5.944000	0.833553	0.833553
5.946000	0.833237	0.833237
5.948000	0.831973	0.831973
5.950000	0.834818	0.834818
5.952000	0.834502	0.834502
5.954000	0.833553	0.833553
5.956000	0.834502	0.834502
5.958000	0.835450	0.835450
5.960000	0.833553	0.833553
5.962000	0.832921	0.832921
5.964000	0.833553	0.833553
5.966000	0.832921	0.832921
5.968000	0.834502	0.834502
5.970000	0.834818	0.834818
5.972000	0.833237	0.833237
5.974000	0.834502	0.834502
5.976000	0.833553	0.833553
5.978000	0.835134	0.835134
5.980000	0.833869	0.833869
5.982000	0.832921	0.832921
5.984000	0.834185	0.834185
5.986000	0.832921	0.832921
5.988000	0.835450	0.835450
5.990000	0.833237	0.833237
5.992000	0.832605	0.832605
5.994000	0.833869	0.833869
5.996000	0.834185	0.834185
5.998000	0.834502	0.834502
6.000000	0.833553	0.833553
6.002000	0.833869	0.833869
6.004000	0.833869	0.833869
6.006000	0.834818	0.834818
6.008000	0.834818	0.834818
6.010000	0.833237	0.833237
6.012000	0.833237	0.833237
6.014000	0.833869	0.833869
6.016000	0.832921	0.832921
6.018000	0.833553	0.833553
6.020000	0.835766	0.835766
6.022000	0.834185	0.834185
6.024000	0.835450	0.835450
6.026000	0.833553	0.833553
6.028000	0.833553	0.833553
6.030000	0.834502	0.834502
6.032000	0.833869	0.833869
6.034000	0.833553	0.833553
6.036000	0.834185	0.834185
6.038000	0.834502	0.834502
6.040000	0.833553	0.833553
6.042000	0.834502	0.834502
6.044000	0.832289	0.832289
6.046000	0.834185	0.834185
6.048000	0.834818	0.834818
6.050000	0.832605	0.832605
6.052000	0.833869	0.833869
6.054000	0.834502	0.834502
6.056000	0.833237	0.833237
6.058000	0.833869	0.833869
6.060000	0.834818	0.834818
6.062000	0.832605	0.832605
6.064000	0.833237	0.833237
6.066000	0.833869	0.833869
6.068000	0.834185	0.834185
6.070000	0.834502	0.834502
6.072000	0.833869	0.833869
6.074000	0.833237	0.833237
6.076000	0.834185	0.834185
6.078000	0.832921	0.832921
6.080000	0.833869	0.833869
6.082000	0.832921	0.832921
6.084000	0.833553	0.833553
6.086000	0.834185	0.834185
6.088000	0.834502	0.834502
6.090000	0.835134	0.835134
6.092000	0.834502	0.834502
6.094000	0.832605	0.832605
6.096000	0.832605	0.832605
6.098000	0.832605	0.832605
6.100000	0.834502	0.834502
6.102000	0.832605	0.832605
6.104000	0.832605	0.832605
6.106000	0.834502	0.834502
6.108000	0.834818	0.834818
6.110000	0.835134	0.835134
6.112000	0.832605	0.832605
6.114000	0.833869	0.833869
6.116000	0.834818	0.834818
6.118000	0.834502	0.834502
6.120000	0.833553	0.833553
6.122000	0.833869	0.833869
6.124000	0.833869	0.833869
6.126000	0.833869	0.833869
6.128000	0.835450	0.835450
6.130000	0.833237	0.833237
6.132000	0.832289	0.832289
6.134000	0.833553	0.833553
6.136000	0.834185	0.834185
6.138000	0.832289	0.832289
6.140000	0.833869	0.833869
6.142000	0.834818	0.834818
6.144000	0.834502	0.834502
6.146000	0.833553	0.833553
6.148000	0.833869	0.833869
6.150000	0.835134	0.835134
6.152000	0.833869	0.833869
6.154000	0.833553	0.833553
6.156000	0.834502	0.834502
6.158000	0.833869	0.833869
6.160000	0.833869	0.833869
6.162000	0.834502	0.834502
6.164000	0.834502	0.834502
6.166000	0.834502	0.834502
6.168000	0.833869	0.833869
6.170000	0.833237	0.833237
6.172000	0.832921	0.832921
6.174000	0.834185	0.834185
6.176000	0.831341	0.831341
6.178000	0.834818	0.834818
6.180000	0.834185	0.834185
6.182000	0.833869	0.833869
6.184000	0.833869	0.833869
6.186000	0.834818	0.834818
6.188000	0.835450	0.835450
6.190000	0.832605	0.832605
6.192000	0.834185	0.834185
6.194000	0.833869	0.833869
6.196000	0.833237	0.833237
6.198000	0.834818	0.834818
6.200000	0.832921	0.832921
6.202000	0.831973	0.831973
6.204000	0.833553	0.833553
6.206000	0.833237	0.833237
6.208000	0.834502	0.834502
6.210000	0.832921	0.832921
6.212000	0.832921	0.832921
6.214000	0.835134	0.835134
6.216000	0.833553	0.833553
6.218000	0.833237	0.833237
6.220000	0.834185	0.834185
6.222000	0.834818	0.834818
6.224000	0.833869	0.833869
6.226000	0.834185	0.834185
6.228000	0.833869	0.833869
6.230000	0.834185	0.834185
6.232000	0.833869	0.833869
6.234000	0.833237	0.833237
6.236000	0.833869	0.833869
6.238000	0.833553	0.833553
6.240000	0.833237	0.833237
6.242000	0.833237	0.833237
6.244000	0.833553	0.833553
6.246000	0.834502	0.834502
6.248000	0.834818	0.834818
6.250000	0.833237	0.833237
6.252000	0.834502	0.834502
6.254000	0.834502	0.834502
6.256000	0.833553	0.833553
6.258000	0.832605	0.832605
6.260000	0.835134	0.835134
6.262000	0.835134	0.835134
6.264000	0.834818	0.834818
6.266000	0.833237	0.833237
6.268000	0.833553	0.833553
6.270000	0.834502	0.834502
6.272000	0.833869	0.833869
6.274000	0.833553	0.833553
6.276000	0.833237	0.833237
6.278000	0.834185	0.834185
6.280000	0.833237	0.833237
6.282000	0.833869	0.833869
6.284000	0.832921	0.832921
6.286000	0.832921	0.832921
6.288000	0.833237	0.833237
6.290000	0.833869	0.833869
6.292000	0.832289	0.832289
6.294000	0.834502	0.834502
6.296000	0.833237	0.833237
6.298000	0.834502	0.834502
6.300000	0.833869	0.833869
6.302000	0.831973	0.831973
6.304000	0.832605	0.832605
6.306000	0.832921	0.832921
6.308000	0.833553	0.833553
6.310000	0.835134	0.835134
6.312000	0.833869	0.833869
6.314000	0.833553	0.833553
6.316000	0.833553	0.833553
6.318000	0.833237	0.833237
6.320000	0.834502	0.834502
6.322000	0.834502	0.834502
6.324000	0.833869	0.833869
6.326000	0.832289	0.832289
6.328000	0.835134	0.835134
6.330000	0.834502	0.834502
6.332000	0.832921	0.832921
6.334000	0.833237	0.833237
6.336000	0.833237	0.833237
6.338000	0.833553	0.833553
6.340000	0.832605	0.832605
6.342000	0.834818	0.834818
6.344000	0.836082	0.836082
6.346000	0.835450	0.835450
6.348000	0.833869	0.833869
6.350000	0.834185	0.834185
6.352000	0.834185	0.834185
6.354000	0.834818	0.834818
6.356000	0.834502	0.834502
6.358000	0.836082	0.836082
6.360000	0.833237	0.833237
6.362000	0.833553	0.833553
6.364000	0.834502	0.834502
6.366000	0.833553	0.833553
6.368000	0.833869	0.833869
6.370000	0.833237	0.833237
6.372000	0.833869	0.833869
6.374000	0.835134	0.835134
6.376000	0.833869	0.833869
6.378000	0.834818	0.834818
6.380000	0.833869	0.833869
6.382000	0.833237	0.833237
6.384000	0.836398	0.836398
6.386000	0.834502	0.834502
6.388000	0.833869	0.833869
6.390000	0.835134	0.835134
6.392000	0.833869	0.833869
6.394000	0.833553	0.833553
6.396000	0.835134	0.835134
6.398000	0.834502	0.834502
6.400000	0.833869	0.833869
6.402000	0.833237	0.833237
6.404000	0.834502	0.834502
6.406000	0.833869	0.833869
6.408000	0.833237	0.833237
6.410000	0.833237	0.833237
6.412000	0.833237	0.833237
6.414000	0.833237	0.833237
6.416000	0.835134	0.835134
6.418000	0.835450	0.835450
6.420000	0.833869	0.833869
6.422000	0.834185	0.834185
6.424000	0.833869	0.833869
6.426000	0.833869	0.833869
6.428000	0.833237	0.833237
6.430000	0.833869	0.833869
6.432000	0.834818	0.834818
6.434000	0.832605	0.832605
6.436000	0.832605	0.832605
6.438000	0.836082	0.836082
6.440000	0.834818	0.834818
6.442000	0.832605	0.832605
6.444000	0.834185	0.834185
6.446000	0.832289	0.832289
6.448000	0.834185	0.834185
6.450000	0.835450	0.835450
6.452000	0.832289	0.832289
6.454000	0.833237	0.833237
6.456000	0.833553	0.833553
6.458000	0.834502	0.834502
6.460000	0.835134	0.835134
6.462000	0.834185	0.834185
6.464000	0.833553	0.833553
6.466000	0.832921	0.832921
6.468000	0.832605	0.832605
6.470000	0.834502	0.834502
6.472000	0.833237	0.833237
6.474000	0.834185	0.834185
6.476000	0.833869	0.833869
6.478000	0.831973	0.831973
6.480000	0.833237	0.833237
6.482000	0.833237	0.833237
6.484000	0.832921	0.832921
6.486000	0.831973	0.831973
6.488000	0.833869	0.833869
6.490000	0.834502	0.834502
6.492000	0.832605	0.832605
6.494000	0.834502	0.834502
6.496000	0.834502	0.834502
6.498000	0.834502	0.834502
6.500000	0.835134	0.835134
6.502000	0.834502	0.834502
6.504000	0.834502	0.834502
6.506000	0.833237	0.833237
6.508000	0.833869	0.833869
6.510000	0.834502	0.834502
6.512000	0.834502	0.834502
6.514000	0.832921	0.832921
6.516000	0.834185	0.834185
6.518000	0.834818	0.834818
6.520000	0.832605	0.832605
6.522000	0.834502	0.834502
6.524000	0.831973	0.831973
6.526000	0.835766	0.835766
6.528000	0.834502	0.834502
6.530000	0.833553	0.833553
6.532000	0.833869	0.833869
6.534000	0.835450	0.835450
6.536000	0.834502	0.834502
6.538000	0.834502	0.834502
6.540000	0.834818	0.834818
6.542000	0.833869	0.833869
6.544000	0.833237	0.833237
6.546000	0.834502	0.834502
6.548000	0.833237	0.833237
6.550000	0.834185	0.834185
6.552000	0.833237	0.833237
6.554000	0.835450	0.835450
6.556000	0.833553	0.833553
6.558000	0.833869	0.833869
6.560000	0.833237	0.833237
6.562000	0.833869	0.833869
6.564000	0.836398	0.836398
6.566000	0.833237	0.833237
6.568000	0.832605	0.832605
6.570000	0.834818	0.834818
6.572000	0.833237	0.833237
6.574000	0.835134	0.835134
6.576000	0.835134	0.835134
6.578000	0.834818	0.834818
6.580000	0.834502	0.834502
6.582000	0.833237	0.833237
6.584000	0.833869	0.833869
6.586000	0.832289	0.832289
6.588000	0.834185	0.834185
6.590000	0.834185	0.834185
6.592000	0.833869	0.833869
6.594000	0.832289	0.832289
6.596000	0.833237	0.833237
6.598000	0.834818	0.834818
6.600000	0.834502	0.834502
6.602000	0.833869	0.833869
6.604000	0.833869	0.833869
6.606000	0.834185	0.834185
6.608000	0.834502	0.834502
6.610000	0.833553	0.833553
6.612000	0.832921	0.832921
6.614000	0.833237	0.833237
6.616000	0.835766	0.835766
6.618000	0.833553	0.833553
6.620000	0.832921	0.832921
6.622000	0.834185	0.834185
6.624000	0.835766	0.835766
6.626000	0.834185	0.834185
6.628000	0.833869	0.833869
6.630000	0.834185	0.834185
6.632000	0.834185	0.834185
6.634000	0.833869	0.833869
6.636000	0.831973	0.831973
6.638000	0.833869	0.833869
6.640000	0.834502	0.834502
6.642000	0.833553	0.833553
6.644000	0.834818	0.834818
6.646000	0.835450	0.835450
6.648000	0.834818	0.834818
6.650000	0.834502	0.834502
6.652000	0.836398	0.836398
6.654000	0.833869	0.833869
6.656000	0.833237	0.833237
6.658000	0.834185	0.834185
6.660000	0.832921	0.832921
6.662000	0.835766	0.835766
6.664000	0.833553	0.833553
6.666000	0.833869	0.833869
6.668000	0.832605	0.832605
6.670000	0.833237	0.833237
6.672000	0.834502	0.834502
6.674000	0.833869	0.833869
6.676000	0.832605	0.832605
6.678000	0.833869	0.833869
6.680000	0.832921	0.832921
6.682000	0.832289	0.832289
6.684000	0.833237	0.833237
6.686000	0.834185	0.834185
6.688000	0.833553	0.833553
6.690000	0.834502	0.834502
6.692000	0.834185	0.834185
6.694000	0.832921	0.832921
6.696000	0.835450	0.835450
6.698000	0.833237	0.833237
6.700000	0.833237	0.833237
6.702000	0.834185	0.834185
6.704000	0.835766	0.835766
6.706000	0.832921	0.832921
6.708000	0.836082	0.836082
6.710000	0.834818	0.834818
6.712000	0.832605	0.832605
6.714000	0.834502	0.834502
6.716000	0.834502	0.834502
6.718000	0.834502	0.834502
6.720000	0.833237	0.833237
6.722000	0.834185	0.834185
6.724000	0.834818	0.834818
6.726000	0.835134	0.835134
6.728000	0.833869	0.833869
6.730000	0.833237	0.833237
6.732000	0.834502	0.834502
6.734000	0.834502	0.834502
6.736000	0.834185	0.834185
6.738000	0.834185	0.834185
6.740000	0.834185	0.834185
6.742000	0.832605	0.832605
6.744000	0.836082	0.836082
6.746000	0.835450	0.835450
6.748000	0.832289	0.832289
6.750000	0.832921	0.832921
6.752000	0.832289	0.832289
6.754000	0.834502	0.834502
6.756000	0.835766	0.835766
6.758000	0.832921	0.832921
6.760000	0.835134	0.835134
6.762000	0.833237	0.833237
6.764000	0.832605	0.832605
6.766000	0.833869	0.833869
6.768000	0.833553	0.833553
6.770000	0.834185	0.834185
6.772000	0.834185	0.834185
6.774000	0.832921	0.832921
6.776000	0.833237	0.833237
6.778000	0.833237	0.833237
6.780000	0.832605	0.832605
6.782000	0.834502	0.834502
6.784000	0.833869	0.833869
6.786000	0.832921	0.832921
6.788000	0.833237	0.833237
6.790000	0.834502	0.834502
6.792000	0.834818	0.834818
6.794000	0.833237	0.833237
6.796000	0.834185	0.834185
6.798000	0.832605	0.832605
6.800000	0.833869	0.833869
6.802000	0.834185	0.834185
6.804000	0.833237	0.833237
6.806000	0.834818	0.834818
6.808000	0.832921	0.832921
6.810000	0.834185	0.834185
6.812000	0.833869	0.833869
6.814000	0.834185	0.834185
6.816000	0.833869	0.833869
6.818000	0.835450	0.835450
6.820000	0.834502	0.834502
6.822000	0.832289	0.832289
6.824000	0.834185	0.834185
6.826000	0.833869	0.833869
6.828000	0.833237	0.833237
6.830000	0.834502	0.834502
6.832000	0.833869	0.833869
6.834000	0.833553	0.833553
6.836000	0.833237	0.833237
6.838000	0.835450	0.835450
6.840000	0.834502	0.834502
6.842000	0.832921	0.832921
6.844000	0.834185	0.834185
6.846000	0.832605	0.832605
6.848000	0.833237	0.833237
6.850000	0.833237	0.833237
6.852000	0.834502	0.834502
6.854000	0.833869	0.833869
6.856000	0.833237	0.833237
6.858000	0.833869	0.833869
6.860000	0.833869	0.833869
6.862000	0.834502	0.834502
6.864000	0.834502	0.834502
6.866000	0.833553	0.833553
6.868000	0.834818	0.834818
6.870000	0.834185	0.834185
6.872000	0.833237	0.833237
6.874000	0.834502	0.834502
6.876000	0.833553	0.833553
6.878000	0.833237	0.833237
6.880000	0.833237	0.833237
6.882000	0.832921	0.832921
6.884000	0.833553	0.833553
6.886000	0.833553	0.833553
6.888000	0.833869	0.833869
6.890000	0.833237	0.833237
6.892000	0.834502	0.834502
6.894000	0.832605	0.832605
6.896000	0.833869	0.833869
6.898000	0.833553	0.833553
6.900000	0.833553	0.833553
6.902000	0.832605	0.832605
6.904000	0.832605	0.832605
6.906000	0.834185	0.834185
6.908000	0.833869	0.833869
6.910000	0.833237	0.833237
6.912000	0.833237	0.833237
6.914000	0.833869	0.833869
6.916000	0.834185	0.834185
6.918000	0.835450	0.835450
6.920000	0.834185	0.834185
6.922000	0.834185	0.834185
6.924000	0.835450	0.835450
6.926000	0.835450	0.835450
6.928000	0.834185	0.834185
6.930000	0.833237	0.833237
6.932000	0.833237	0.833237
6.934000	0.834502	0.834502
6.936000	0.834185	0.834185
6.938000	0.833869	0.833869
6.940000	0.836082	0.836082
6.942000	0.834185	0.834185
6.944000	0.834185	0.834185
6.946000	0.834502	0.834502
6.948000	0.833237	0.833237
6.950000	0.834502	0.834502
6.952000	0.835450	0.835450
6.954000	0.834185	0.834185
6.956000	0.835450	0.835450
6.958000	0.834185	0.834185
6.960000	0.835450	0.835450
6.962000	0.834185	0.834185
6.964000	0.832289	0.832289
6.966000	0.834502	0.834502
6.968000	0.832605	0.832605
6.970000	0.833237	0.833237
6.972000	0.833237	0.833237
6.974000	0.833553	0.833553
6.976000	0.834502	0.834502
6.978000	0.834185	0.834185
6.980000	0.833869	0.833869
6.982000	0.833553	0.833553
6.984000	0.833553	0.833553
6.986000	0.834818	0.834818
6.988000	0.833237	0.833237
6.990000	0.833237	0.833237
6.992000	0.834502	0.834502
6.994000	0.834818	0.834818
6.996000	0.833869	0.833869
6.998000	0.834502	0.834502
