11/3/2016
11:10:04 AM

0, CH+=0, CH-=199, Range=+/-10, y=a


Time	v0	y0
0.000000	0.833237	0.833237
0.002000	0.833553	0.833553
0.004000	0.834185	0.834185
0.006000	0.833553	0.833553
0.008000	0.834818	0.834818
0.010000	0.832921	0.832921
0.012000	0.833553	0.833553
0.014000	0.834818	0.834818
0.016000	0.833869	0.833869
0.018000	0.833237	0.833237
0.020000	0.832605	0.832605
0.022000	0.832605	0.832605
0.024000	0.834185	0.834185
0.026000	0.834502	0.834502
0.028000	0.834185	0.834185
0.030000	0.832921	0.832921
0.032000	0.833869	0.833869
0.034000	0.833553	0.833553
0.036000	0.834818	0.834818
0.038000	0.834185	0.834185
0.040000	0.834185	0.834185
0.042000	0.834502	0.834502
0.044000	0.834185	0.834185
0.046000	0.833237	0.833237
0.048000	0.833869	0.833869
0.050000	0.833553	0.833553
0.052000	0.834502	0.834502
0.054000	0.835134	0.835134
0.056000	0.834502	0.834502
0.058000	0.833553	0.833553
0.060000	0.835450	0.835450
0.062000	0.833869	0.833869
0.064000	0.833237	0.833237
0.066000	0.833869	0.833869
0.068000	0.833237	0.833237
0.070000	0.834502	0.834502
0.072000	0.834502	0.834502
0.074000	0.834185	0.834185
0.076000	0.832289	0.832289
0.078000	0.833869	0.833869
0.080000	0.835450	0.835450
0.082000	0.833869	0.833869
0.084000	0.833869	0.833869
0.086000	0.833869	0.833869
0.088000	0.833869	0.833869
0.090000	0.834818	0.834818
0.092000	0.833869	0.833869
0.094000	0.833553	0.833553
0.096000	0.833869	0.833869
0.098000	0.833237	0.833237
0.100000	0.833869	0.833869
0.102000	0.833869	0.833869
0.104000	0.833869	0.833869
0.106000	0.834185	0.834185
0.108000	0.834185	0.834185
0.110000	0.832605	0.832605
0.112000	0.835134	0.835134
0.114000	0.833869	0.833869
0.116000	0.831973	0.831973
0.118000	0.832605	0.832605
0.120000	0.832921	0.832921
0.122000	0.832921	0.832921
0.124000	0.833237	0.833237
0.126000	0.832921	0.832921
0.128000	0.833237	0.833237
0.130000	0.834502	0.834502
0.132000	0.833869	0.833869
0.134000	0.833553	0.833553
0.136000	0.833237	0.833237
0.138000	0.833237	0.833237
0.140000	0.833237	0.833237
0.142000	0.834185	0.834185
0.144000	0.835134	0.835134
0.146000	0.833553	0.833553
0.148000	0.832605	0.832605
0.150000	0.832605	0.832605
0.152000	0.833869	0.833869
0.154000	0.833869	0.833869
0.156000	0.833237	0.833237
0.158000	0.834502	0.834502
0.160000	0.835450	0.835450
0.162000	0.834502	0.834502
0.164000	0.832605	0.832605
0.166000	0.835766	0.835766
0.168000	0.834502	0.834502
0.170000	0.834818	0.834818
0.172000	0.833553	0.833553
0.174000	0.833869	0.833869
0.176000	0.834502	0.834502
0.178000	0.833237	0.833237
0.180000	0.833553	0.833553
0.182000	0.833869	0.833869
0.184000	0.833553	0.833553
0.186000	0.835134	0.835134
0.188000	0.834502	0.834502
0.190000	0.833869	0.833869
0.192000	0.834502	0.834502
0.194000	0.834185	0.834185
0.196000	0.834502	0.834502
0.198000	0.832921	0.832921
0.200000	0.833869	0.833869
0.202000	0.833553	0.833553
0.204000	0.835450	0.835450
0.206000	0.835134	0.835134
0.208000	0.833237	0.833237
0.210000	0.833553	0.833553
0.212000	0.832289	0.832289
0.214000	0.834818	0.834818
0.216000	0.832921	0.832921
0.218000	0.835450	0.835450
0.220000	0.835134	0.835134
0.222000	0.833869	0.833869
0.224000	0.834502	0.834502
0.226000	0.835450	0.835450
0.228000	0.834818	0.834818
0.230000	0.833237	0.833237
0.232000	0.834818	0.834818
0.234000	0.834185	0.834185
0.236000	0.833553	0.833553
0.238000	0.833553	0.833553
0.240000	0.834502	0.834502
0.242000	0.836082	0.836082
0.244000	0.834185	0.834185
0.246000	0.833553	0.833553
0.248000	0.833869	0.833869
0.250000	0.833237	0.833237
0.252000	0.832921	0.832921
0.254000	0.833553	0.833553
0.256000	0.834502	0.834502
0.258000	0.833869	0.833869
0.260000	0.834502	0.834502
0.262000	0.833869	0.833869
0.264000	0.832921	0.832921
0.266000	0.832605	0.832605
0.268000	0.833237	0.833237
0.270000	0.833869	0.833869
0.272000	0.833553	0.833553
0.274000	0.835134	0.835134
0.276000	0.833869	0.833869
0.278000	0.834502	0.834502
0.280000	0.834185	0.834185
0.282000	0.832921	0.832921
0.284000	0.834502	0.834502
0.286000	0.834185	0.834185
0.288000	0.834502	0.834502
0.290000	0.834185	0.834185
0.292000	0.834185	0.834185
0.294000	0.833869	0.833869
0.296000	0.834185	0.834185
0.298000	0.832605	0.832605
0.300000	0.834185	0.834185
0.302000	0.834502	0.834502
0.304000	0.833553	0.833553
0.306000	0.834502	0.834502
0.308000	0.833869	0.833869
0.310000	0.833553	0.833553
0.312000	0.834502	0.834502
0.314000	0.834502	0.834502
0.316000	0.833553	0.833553
0.318000	0.831973	0.831973
0.320000	0.834502	0.834502
0.322000	0.833553	0.833553
0.324000	0.833553	0.833553
0.326000	0.834502	0.834502
0.328000	0.833553	0.833553
0.330000	0.834185	0.834185
0.332000	0.834502	0.834502
0.334000	0.834185	0.834185
0.336000	0.835134	0.835134
0.338000	0.834502	0.834502
0.340000	0.832605	0.832605
0.342000	0.832289	0.832289
0.344000	0.834185	0.834185
0.346000	0.834185	0.834185
0.348000	0.833553	0.833553
0.350000	0.834502	0.834502
0.352000	0.834502	0.834502
0.354000	0.834818	0.834818
0.356000	0.834502	0.834502
0.358000	0.836082	0.836082
0.360000	0.833237	0.833237
0.362000	0.833553	0.833553
0.364000	0.833237	0.833237
0.366000	0.833869	0.833869
0.368000	0.833869	0.833869
0.370000	0.833237	0.833237
0.372000	0.834502	0.834502
0.374000	0.834185	0.834185
0.376000	0.832921	0.832921
0.378000	0.833869	0.833869
0.380000	0.833553	0.833553
0.382000	0.834502	0.834502
0.384000	0.834818	0.834818
0.386000	0.833869	0.833869
0.388000	0.833553	0.833553
0.390000	0.834818	0.834818
0.392000	0.834185	0.834185
0.394000	0.835766	0.835766
0.396000	0.835766	0.835766
0.398000	0.833237	0.833237
0.400000	0.834502	0.834502
0.402000	0.835134	0.835134
0.404000	0.832921	0.832921
0.406000	0.834502	0.834502
0.408000	0.835450	0.835450
0.410000	0.834502	0.834502
0.412000	0.834185	0.834185
0.414000	0.833553	0.833553
0.416000	0.834818	0.834818
0.418000	0.833237	0.833237
0.420000	0.834502	0.834502
0.422000	0.834502	0.834502
0.424000	0.834502	0.834502
0.426000	0.834502	0.834502
0.428000	0.832921	0.832921
0.430000	0.833869	0.833869
0.432000	0.833869	0.833869
0.434000	0.834818	0.834818
0.436000	0.832289	0.832289
0.438000	0.833237	0.833237
0.440000	0.831973	0.831973
0.442000	0.834185	0.834185
0.444000	0.834185	0.834185
0.446000	0.834185	0.834185
0.448000	0.833237	0.833237
0.450000	0.832605	0.832605
0.452000	0.833869	0.833869
0.454000	0.833237	0.833237
0.456000	0.834502	0.834502
0.458000	0.833237	0.833237
0.460000	0.833237	0.833237
0.462000	0.835134	0.835134
0.464000	0.833869	0.833869
0.466000	0.833553	0.833553
0.468000	0.831657	0.831657
0.470000	0.835450	0.835450
0.472000	0.832921	0.832921
0.474000	0.832921	0.832921
0.476000	0.834818	0.834818
0.478000	0.833553	0.833553
0.480000	0.832289	0.832289
0.482000	0.835450	0.835450
0.484000	0.833869	0.833869
0.486000	0.835450	0.835450
0.488000	0.834502	0.834502
0.490000	0.833869	0.833869
0.492000	0.832921	0.832921
0.494000	0.834185	0.834185
0.496000	0.834818	0.834818
0.498000	0.835450	0.835450
0.500000	0.833237	0.833237
0.502000	0.834502	0.834502
0.504000	0.835450	0.835450
0.506000	0.832289	0.832289
0.508000	0.834818	0.834818
0.510000	0.831025	0.831025
0.512000	0.833553	0.833553
0.514000	0.833869	0.833869
0.516000	0.834185	0.834185
0.518000	0.835134	0.835134
0.520000	0.833869	0.833869
0.522000	0.833237	0.833237
0.524000	0.834502	0.834502
0.526000	0.833237	0.833237
0.528000	0.833869	0.833869
0.530000	0.832605	0.832605
0.532000	0.833553	0.833553
0.534000	0.833869	0.833869
0.536000	0.833553	0.833553
0.538000	0.833237	0.833237
0.540000	0.833869	0.833869
0.542000	0.832605	0.832605
0.544000	0.833237	0.833237
0.546000	0.833237	0.833237
0.548000	0.832921	0.832921
0.550000	0.833553	0.833553
0.552000	0.832605	0.832605
0.554000	0.832921	0.832921
0.556000	0.833553	0.833553
0.558000	0.833237	0.833237
0.560000	0.834502	0.834502
0.562000	0.834185	0.834185
0.564000	0.834502	0.834502
0.566000	0.833869	0.833869
0.568000	0.833869	0.833869
0.570000	0.833869	0.833869
0.572000	0.834502	0.834502
0.574000	0.833553	0.833553
0.576000	0.833553	0.833553
0.578000	0.834502	0.834502
0.580000	0.835134	0.835134
0.582000	0.834502	0.834502
0.584000	0.833869	0.833869
0.586000	0.832921	0.832921
0.588000	0.834502	0.834502
0.590000	0.834185	0.834185
0.592000	0.834502	0.834502
0.594000	0.833237	0.833237
0.596000	0.833237	0.833237
0.598000	0.835134	0.835134
0.600000	0.834185	0.834185
0.602000	0.832921	0.832921
0.604000	0.832921	0.832921
0.606000	0.833237	0.833237
0.608000	0.834185	0.834185
0.610000	0.834185	0.834185
0.612000	0.833237	0.833237
0.614000	0.833869	0.833869
0.616000	0.833869	0.833869
0.618000	0.833553	0.833553
0.620000	0.832605	0.832605
0.622000	0.834502	0.834502
0.624000	0.832289	0.832289
0.626000	0.831657	0.831657
0.628000	0.833869	0.833869
0.630000	0.833869	0.833869
0.632000	0.833237	0.833237
0.634000	0.834502	0.834502
0.636000	0.833553	0.833553
0.638000	0.832605	0.832605
0.640000	0.834502	0.834502
0.642000	0.834502	0.834502
0.644000	0.833553	0.833553
0.646000	0.832605	0.832605
0.648000	0.833869	0.833869
0.650000	0.833869	0.833869
0.652000	0.834502	0.834502
0.654000	0.833237	0.833237
0.656000	0.834502	0.834502
0.658000	0.833553	0.833553
0.660000	0.833869	0.833869
0.662000	0.834502	0.834502
0.664000	0.834185	0.834185
0.666000	0.834502	0.834502
0.668000	0.834818	0.834818
0.670000	0.834185	0.834185
0.672000	0.834185	0.834185
0.674000	0.833869	0.833869
0.676000	0.832605	0.832605
0.678000	0.833237	0.833237
0.680000	0.831973	0.831973
0.682000	0.833869	0.833869
0.684000	0.834502	0.834502
0.686000	0.832289	0.832289
0.688000	0.833869	0.833869
0.690000	0.833237	0.833237
0.692000	0.833553	0.833553
0.694000	0.834502	0.834502
0.696000	0.833553	0.833553
0.698000	0.833553	0.833553
0.700000	0.834185	0.834185
0.702000	0.834502	0.834502
0.704000	0.835134	0.835134
0.706000	0.834185	0.834185
0.708000	0.832605	0.832605
0.710000	0.835766	0.835766
0.712000	0.832605	0.832605
0.714000	0.834502	0.834502
0.716000	0.833237	0.833237
0.718000	0.834185	0.834185
0.720000	0.831657	0.831657
0.722000	0.833237	0.833237
0.724000	0.834502	0.834502
0.726000	0.832921	0.832921
0.728000	0.834185	0.834185
0.730000	0.834818	0.834818
0.732000	0.832921	0.832921
0.734000	0.833869	0.833869
0.736000	0.834502	0.834502
0.738000	0.833553	0.833553
0.740000	0.832289	0.832289
0.742000	0.834185	0.834185
0.744000	0.834502	0.834502
0.746000	0.833553	0.833553
0.748000	0.833237	0.833237
0.750000	0.833553	0.833553
0.752000	0.834502	0.834502
0.754000	0.833869	0.833869
0.756000	0.833553	0.833553
0.758000	0.833869	0.833869
0.760000	0.832289	0.832289
0.762000	0.834818	0.834818
0.764000	0.833553	0.833553
0.766000	0.832605	0.832605
0.768000	0.835450	0.835450
0.770000	0.833553	0.833553
0.772000	0.834818	0.834818
0.774000	0.833553	0.833553
0.776000	0.832921	0.832921
0.778000	0.834502	0.834502
0.780000	0.835134	0.835134
0.782000	0.832605	0.832605
0.784000	0.834185	0.834185
0.786000	0.834818	0.834818
0.788000	0.832605	0.832605
0.790000	0.834818	0.834818
0.792000	0.833237	0.833237
0.794000	0.833869	0.833869
0.796000	0.833237	0.833237
0.798000	0.833237	0.833237
0.800000	0.834502	0.834502
0.802000	0.834502	0.834502
0.804000	0.834502	0.834502
0.806000	0.836398	0.836398
0.808000	0.834185	0.834185
0.810000	0.833553	0.833553
0.812000	0.833869	0.833869
0.814000	0.832921	0.832921
0.816000	0.833237	0.833237
0.818000	0.834185	0.834185
0.820000	0.833237	0.833237
0.822000	0.834818	0.834818
0.824000	0.833237	0.833237
0.826000	0.835766	0.835766
0.828000	0.833869	0.833869
0.830000	0.834502	0.834502
0.832000	0.835134	0.835134
0.834000	0.833237	0.833237
0.836000	0.834502	0.834502
0.838000	0.833553	0.833553
0.840000	0.833553	0.833553
0.842000	0.831657	0.831657
0.844000	0.832605	0.832605
0.846000	0.833237	0.833237
0.848000	0.832289	0.832289
0.850000	0.833237	0.833237
0.852000	0.834185	0.834185
0.854000	0.834185	0.834185
0.856000	0.833237	0.833237
0.858000	0.833553	0.833553
0.860000	0.833237	0.833237
0.862000	0.834185	0.834185
0.864000	0.833869	0.833869
0.866000	0.832605	0.832605
0.868000	0.833553	0.833553
0.870000	0.832921	0.832921
0.872000	0.831973	0.831973
0.874000	0.836082	0.836082
0.876000	0.835450	0.835450
0.878000	0.834502	0.834502
0.880000	0.832921	0.832921
0.882000	0.833553	0.833553
0.884000	0.833237	0.833237
0.886000	0.834185	0.834185
0.888000	0.835450	0.835450
0.890000	0.833237	0.833237
0.892000	0.834185	0.834185
0.894000	0.834185	0.834185
0.896000	0.834818	0.834818
0.898000	0.833237	0.833237
0.900000	0.833237	0.833237
0.902000	0.834185	0.834185
0.904000	0.834185	0.834185
0.906000	0.835450	0.835450
0.908000	0.833553	0.833553
0.910000	0.834185	0.834185
0.912000	0.834185	0.834185
0.914000	0.832921	0.832921
0.916000	0.832605	0.832605
0.918000	0.831657	0.831657
0.920000	0.833237	0.833237
0.922000	0.832921	0.832921
0.924000	0.833869	0.833869
0.926000	0.834818	0.834818
0.928000	0.834502	0.834502
0.930000	0.833237	0.833237
0.932000	0.833553	0.833553
0.934000	0.834185	0.834185
0.936000	0.835450	0.835450
0.938000	0.834502	0.834502
0.940000	0.834185	0.834185
0.942000	0.833553	0.833553
0.944000	0.834185	0.834185
0.946000	0.833553	0.833553
0.948000	0.833553	0.833553
0.950000	0.833869	0.833869
0.952000	0.833553	0.833553
0.954000	0.833869	0.833869
0.956000	0.833237	0.833237
0.958000	0.834185	0.834185
0.960000	0.834502	0.834502
0.962000	0.835134	0.835134
0.964000	0.833237	0.833237
0.966000	0.833869	0.833869
0.968000	0.833869	0.833869
0.970000	0.833237	0.833237
0.972000	0.831341	0.831341
0.974000	0.834185	0.834185
0.976000	0.833869	0.833869
0.978000	0.833869	0.833869
0.980000	0.833237	0.833237
0.982000	0.834185	0.834185
0.984000	0.833869	0.833869
0.986000	0.833869	0.833869
0.988000	0.834185	0.834185
0.990000	0.833237	0.833237
0.992000	0.834502	0.834502
0.994000	0.834502	0.834502
0.996000	0.835450	0.835450
0.998000	0.832921	0.832921
1.000000	0.832921	0.832921
1.002000	0.835450	0.835450
1.004000	0.834502	0.834502
1.006000	0.833869	0.833869
1.008000	0.835766	0.835766
1.010000	0.832605	0.832605
1.012000	0.835134	0.835134
1.014000	0.833869	0.833869
1.016000	0.834502	0.834502
1.018000	0.835134	0.835134
1.020000	0.832921	0.832921
1.022000	0.833553	0.833553
1.024000	0.833237	0.833237
1.026000	0.833553	0.833553
1.028000	0.831973	0.831973
1.030000	0.833237	0.833237
1.032000	0.832921	0.832921
1.034000	0.834502	0.834502
1.036000	0.832605	0.832605
1.038000	0.832921	0.832921
1.040000	0.835766	0.835766
1.042000	0.834502	0.834502
1.044000	0.833237	0.833237
1.046000	0.832921	0.832921
1.048000	0.832289	0.832289
1.050000	0.833553	0.833553
1.052000	0.832289	0.832289
1.054000	0.833869	0.833869
1.056000	0.833553	0.833553
1.058000	0.833553	0.833553
1.060000	0.833553	0.833553
1.062000	0.833553	0.833553
1.064000	0.833553	0.833553
1.066000	0.832921	0.832921
1.068000	0.833237	0.833237
1.070000	0.834185	0.834185
1.072000	0.834502	0.834502
1.074000	0.835766	0.835766
1.076000	0.832289	0.832289
1.078000	0.834502	0.834502
1.080000	0.833553	0.833553
1.082000	0.832605	0.832605
1.084000	0.833869	0.833869
1.086000	0.833869	0.833869
1.088000	0.832605	0.832605
1.090000	0.835134	0.835134
1.092000	0.834502	0.834502
1.094000	0.834185	0.834185
1.096000	0.834502	0.834502
1.098000	0.834502	0.834502
1.100000	0.834185	0.834185
1.102000	0.833869	0.833869
1.104000	0.834502	0.834502
1.106000	0.834502	0.834502
1.108000	0.834818	0.834818
1.110000	0.833869	0.833869
1.112000	0.834502	0.834502
1.114000	0.833553	0.833553
1.116000	0.833553	0.833553
1.118000	0.833869	0.833869
1.120000	0.833553	0.833553
1.122000	0.836082	0.836082
1.124000	0.833553	0.833553
1.126000	0.832289	0.832289
1.128000	0.832289	0.832289
1.130000	0.832289	0.832289
1.132000	0.833553	0.833553
1.134000	0.831973	0.831973
1.136000	0.834818	0.834818
1.138000	0.831973	0.831973
1.140000	0.833237	0.833237
1.142000	0.833237	0.833237
1.144000	0.833237	0.833237
1.146000	0.834502	0.834502
1.148000	0.834185	0.834185
1.150000	0.835450	0.835450
1.152000	0.834185	0.834185
1.154000	0.834502	0.834502
1.156000	0.834502	0.834502
1.158000	0.833869	0.833869
1.160000	0.833237	0.833237
1.162000	0.832289	0.832289
1.164000	0.833553	0.833553
1.166000	0.835450	0.835450
1.168000	0.834818	0.834818
1.170000	0.834502	0.834502
1.172000	0.834502	0.834502
1.174000	0.833553	0.833553
1.176000	0.833553	0.833553
1.178000	0.832921	0.832921
1.180000	0.831973	0.831973
1.182000	0.833869	0.833869
1.184000	0.834502	0.834502
1.186000	0.833869	0.833869
1.188000	0.833237	0.833237
1.190000	0.833237	0.833237
1.192000	0.832921	0.832921
1.194000	0.833237	0.833237
1.196000	0.833869	0.833869
1.198000	0.834185	0.834185
1.200000	0.834502	0.834502
1.202000	0.834502	0.834502
1.204000	0.834818	0.834818
1.206000	0.834502	0.834502
1.208000	0.835766	0.835766
1.210000	0.834185	0.834185
1.212000	0.832605	0.832605
1.214000	0.832605	0.832605
1.216000	0.831025	0.831025
1.218000	0.834502	0.834502
1.220000	0.833553	0.833553
1.222000	0.835450	0.835450
1.224000	0.834185	0.834185
1.226000	0.833237	0.833237
1.228000	0.835766	0.835766
1.230000	0.833553	0.833553
1.232000	0.833869	0.833869
1.234000	0.833237	0.833237
1.236000	0.833237	0.833237
1.238000	0.834818	0.834818
1.240000	0.833869	0.833869
1.242000	0.834818	0.834818
1.244000	0.832921	0.832921
1.246000	0.832921	0.832921
1.248000	0.833237	0.833237
1.250000	0.833237	0.833237
1.252000	0.833869	0.833869
1.254000	0.833869	0.833869
1.256000	0.832921	0.832921
1.258000	0.834502	0.834502
1.260000	0.834185	0.834185
1.262000	0.833237	0.833237
1.264000	0.834502	0.834502
1.266000	0.834818	0.834818
1.268000	0.833553	0.833553
1.270000	0.832289	0.832289
1.272000	0.834502	0.834502
1.274000	0.833869	0.833869
1.276000	0.833553	0.833553
1.278000	0.831973	0.831973
1.280000	0.833237	0.833237
1.282000	0.833869	0.833869
1.284000	0.833869	0.833869
1.286000	0.833553	0.833553
1.288000	0.834502	0.834502
1.290000	0.833237	0.833237
1.292000	0.832605	0.832605
1.294000	0.833869	0.833869
1.296000	0.834818	0.834818
1.298000	0.834502	0.834502
1.300000	0.834502	0.834502
1.302000	0.833553	0.833553
1.304000	0.832921	0.832921
1.306000	0.833869	0.833869
1.308000	0.834185	0.834185
1.310000	0.833869	0.833869
1.312000	0.831973	0.831973
1.314000	0.834502	0.834502
1.316000	0.833237	0.833237
1.318000	0.833237	0.833237
1.320000	0.831657	0.831657
1.322000	0.833869	0.833869
1.324000	0.834502	0.834502
1.326000	0.833553	0.833553
1.328000	0.832289	0.832289
1.330000	0.834185	0.834185
1.332000	0.834185	0.834185
1.334000	0.835134	0.835134
1.336000	0.833869	0.833869
1.338000	0.834818	0.834818
1.340000	0.833869	0.833869
1.342000	0.834502	0.834502
1.344000	0.833237	0.833237
1.346000	0.834502	0.834502
1.348000	0.834185	0.834185
1.350000	0.832921	0.832921
1.352000	0.833869	0.833869
1.354000	0.835450	0.835450
1.356000	0.833869	0.833869
1.358000	0.834818	0.834818
1.360000	0.833553	0.833553
1.362000	0.834185	0.834185
1.364000	0.834502	0.834502
1.366000	0.832605	0.832605
1.368000	0.833553	0.833553
1.370000	0.834185	0.834185
1.372000	0.833237	0.833237
1.374000	0.832605	0.832605
1.376000	0.833869	0.833869
1.378000	0.835450	0.835450
1.380000	0.833869	0.833869
1.382000	0.834502	0.834502
1.384000	0.833869	0.833869
1.386000	0.833237	0.833237
1.388000	0.833869	0.833869
1.390000	0.834185	0.834185
1.392000	0.832921	0.832921
1.394000	0.833553	0.833553
1.396000	0.834185	0.834185
1.398000	0.833553	0.833553
1.400000	0.834185	0.834185
1.402000	0.833553	0.833553
1.404000	0.832605	0.832605
1.406000	0.834185	0.834185
1.408000	0.833553	0.833553
1.410000	0.834502	0.834502
1.412000	0.835766	0.835766
1.414000	0.833553	0.833553
1.416000	0.833553	0.833553
1.418000	0.834502	0.834502
1.420000	0.834185	0.834185
1.422000	0.832921	0.832921
1.424000	0.834185	0.834185
1.426000	0.832605	0.832605
1.428000	0.832289	0.832289
1.430000	0.832605	0.832605
1.432000	0.833553	0.833553
1.434000	0.832605	0.832605
1.436000	0.834502	0.834502
1.438000	0.834502	0.834502
1.440000	0.831973	0.831973
1.442000	0.834185	0.834185
1.444000	0.832605	0.832605
1.446000	0.834185	0.834185
1.448000	0.833869	0.833869
1.450000	0.833553	0.833553
1.452000	0.835134	0.835134
1.454000	0.833869	0.833869
1.456000	0.832605	0.832605
1.458000	0.833869	0.833869
1.460000	0.833553	0.833553
1.462000	0.834818	0.834818
1.464000	0.834818	0.834818
1.466000	0.834185	0.834185
1.468000	0.832921	0.832921
1.470000	0.833553	0.833553
1.472000	0.835134	0.835134
1.474000	0.833237	0.833237
1.476000	0.832921	0.832921
1.478000	0.834818	0.834818
1.480000	0.832921	0.832921
1.482000	0.833237	0.833237
1.484000	0.832605	0.832605
1.486000	0.835450	0.835450
1.488000	0.833237	0.833237
1.490000	0.833237	0.833237
1.492000	0.833553	0.833553
1.494000	0.832289	0.832289
1.496000	0.834502	0.834502
1.498000	0.833869	0.833869
1.500000	0.831973	0.831973
1.502000	0.834185	0.834185
1.504000	0.834502	0.834502
1.506000	0.834502	0.834502
1.508000	0.834185	0.834185
1.510000	0.834502	0.834502
1.512000	0.834502	0.834502
1.514000	0.832605	0.832605
1.516000	0.834185	0.834185
1.518000	0.834818	0.834818
1.520000	0.834185	0.834185
1.522000	0.834502	0.834502
1.524000	0.833237	0.833237
1.526000	0.834185	0.834185
1.528000	0.834502	0.834502
1.530000	0.831973	0.831973
1.532000	0.833237	0.833237
1.534000	0.834185	0.834185
1.536000	0.833553	0.833553
1.538000	0.832921	0.832921
1.540000	0.833553	0.833553
1.542000	0.832605	0.832605
1.544000	0.832289	0.832289
1.546000	0.833869	0.833869
1.548000	0.834818	0.834818
1.550000	0.833869	0.833869
1.552000	0.834502	0.834502
1.554000	0.834502	0.834502
1.556000	0.834502	0.834502
1.558000	0.834502	0.834502
1.560000	0.834502	0.834502
1.562000	0.833869	0.833869
1.564000	0.833553	0.833553
1.566000	0.834502	0.834502
1.568000	0.832605	0.832605
1.570000	0.833237	0.833237
1.572000	0.834818	0.834818
1.574000	0.833553	0.833553
1.576000	0.834502	0.834502
1.578000	0.835134	0.835134
1.580000	0.832289	0.832289
1.582000	0.834502	0.834502
1.584000	0.833237	0.833237
1.586000	0.835450	0.835450
1.588000	0.833869	0.833869
1.590000	0.834502	0.834502
1.592000	0.834502	0.834502
1.594000	0.834502	0.834502
1.596000	0.832605	0.832605
1.598000	0.834818	0.834818
1.600000	0.836398	0.836398
1.602000	0.834185	0.834185
1.604000	0.832605	0.832605
1.606000	0.833869	0.833869
1.608000	0.834185	0.834185
1.610000	0.834502	0.834502
1.612000	0.831657	0.831657
1.614000	0.833553	0.833553
1.616000	0.833869	0.833869
1.618000	0.834818	0.834818
1.620000	0.831341	0.831341
1.622000	0.836082	0.836082
1.624000	0.833553	0.833553
1.626000	0.834818	0.834818
1.628000	0.835134	0.835134
1.630000	0.834818	0.834818
1.632000	0.832921	0.832921
1.634000	0.832921	0.832921
1.636000	0.833869	0.833869
1.638000	0.834185	0.834185
1.640000	0.834502	0.834502
1.642000	0.834818	0.834818
1.644000	0.833237	0.833237
1.646000	0.834185	0.834185
1.648000	0.832605	0.832605
1.650000	0.834185	0.834185
1.652000	0.834818	0.834818
1.654000	0.833553	0.833553
1.656000	0.832921	0.832921
1.658000	0.833869	0.833869
1.660000	0.834185	0.834185
1.662000	0.834818	0.834818
1.664000	0.833553	0.833553
1.666000	0.833553	0.833553
1.668000	0.833553	0.833553
1.670000	0.834185	0.834185
1.672000	0.833553	0.833553
1.674000	0.835450	0.835450
1.676000	0.833869	0.833869
1.678000	0.833237	0.833237
1.680000	0.833553	0.833553
1.682000	0.833869	0.833869
1.684000	0.833869	0.833869
1.686000	0.835766	0.835766
1.688000	0.833869	0.833869
1.690000	0.834185	0.834185
1.692000	0.835450	0.835450
1.694000	0.832921	0.832921
1.696000	0.835450	0.835450
1.698000	0.834502	0.834502
1.700000	0.834502	0.834502
1.702000	0.835450	0.835450
1.704000	0.833553	0.833553
1.706000	0.834502	0.834502
1.708000	0.831341	0.831341
1.710000	0.833553	0.833553
1.712000	0.832605	0.832605
1.714000	0.832921	0.832921
1.716000	0.832921	0.832921
1.718000	0.834502	0.834502
1.720000	0.834502	0.834502
1.722000	0.834185	0.834185
1.724000	0.835450	0.835450
1.726000	0.834502	0.834502
1.728000	0.833553	0.833553
1.730000	0.833869	0.833869
1.732000	0.834185	0.834185
1.734000	0.834185	0.834185
1.736000	0.835450	0.835450
1.738000	0.834185	0.834185
1.740000	0.836082	0.836082
1.742000	0.834502	0.834502
1.744000	0.832921	0.832921
1.746000	0.834185	0.834185
1.748000	0.833237	0.833237
1.750000	0.835134	0.835134
1.752000	0.833869	0.833869
1.754000	0.833237	0.833237
1.756000	0.833237	0.833237
1.758000	0.832921	0.832921
1.760000	0.833237	0.833237
1.762000	0.832921	0.832921
1.764000	0.834185	0.834185
1.766000	0.834502	0.834502
1.768000	0.831973	0.831973
1.770000	0.834502	0.834502
1.772000	0.833553	0.833553
1.774000	0.831341	0.831341
1.776000	0.834502	0.834502
1.778000	0.832921	0.832921
1.780000	0.833237	0.833237
1.782000	0.833553	0.833553
1.784000	0.833553	0.833553
1.786000	0.833869	0.833869
1.788000	0.832605	0.832605
1.790000	0.834185	0.834185
1.792000	0.831973	0.831973
1.794000	0.833237	0.833237
1.796000	0.834185	0.834185
1.798000	0.832289	0.832289
1.800000	0.833869	0.833869
1.802000	0.833237	0.833237
1.804000	0.833553	0.833553
1.806000	0.833553	0.833553
1.808000	0.833869	0.833869
1.810000	0.833869	0.833869
1.812000	0.835134	0.835134
1.814000	0.832289	0.832289
1.816000	0.833553	0.833553
1.818000	0.834818	0.834818
1.820000	0.833553	0.833553
1.822000	0.832921	0.832921
1.824000	0.833869	0.833869
1.826000	0.834502	0.834502
1.828000	0.833237	0.833237
1.830000	0.833237	0.833237
1.832000	0.833869	0.833869
1.834000	0.833869	0.833869
1.836000	0.832921	0.832921
1.838000	0.833869	0.833869
1.840000	0.834185	0.834185
1.842000	0.834818	0.834818
1.844000	0.833553	0.833553
1.846000	0.836082	0.836082
1.848000	0.833869	0.833869
1.850000	0.834502	0.834502
1.852000	0.833237	0.833237
1.854000	0.834502	0.834502
1.856000	0.834185	0.834185
1.858000	0.832605	0.832605
1.860000	0.834502	0.834502
1.862000	0.834818	0.834818
1.864000	0.834818	0.834818
1.866000	0.833869	0.833869
1.868000	0.834502	0.834502
1.870000	0.834818	0.834818
1.872000	0.834502	0.834502
1.874000	0.834502	0.834502
1.876000	0.832921	0.832921
1.878000	0.834818	0.834818
1.880000	0.833237	0.833237
1.882000	0.834185	0.834185
1.884000	0.832605	0.832605
1.886000	0.833237	0.833237
1.888000	0.834502	0.834502
1.890000	0.832605	0.832605
1.892000	0.834502	0.834502
1.894000	0.833869	0.833869
1.896000	0.835134	0.835134
1.898000	0.833869	0.833869
1.900000	0.834185	0.834185
1.902000	0.832921	0.832921
1.904000	0.833553	0.833553
1.906000	0.833553	0.833553
1.908000	0.834818	0.834818
1.910000	0.834818	0.834818
1.912000	0.833237	0.833237
1.914000	0.833869	0.833869
1.916000	0.832605	0.832605
1.918000	0.832289	0.832289
1.920000	0.834502	0.834502
1.922000	0.833237	0.833237
1.924000	0.833237	0.833237
1.926000	0.835766	0.835766
1.928000	0.833869	0.833869
1.930000	0.835134	0.835134
1.932000	0.833553	0.833553
1.934000	0.833553	0.833553
1.936000	0.833553	0.833553
1.938000	0.833869	0.833869
1.940000	0.833237	0.833237
1.942000	0.834185	0.834185
1.944000	0.832921	0.832921
1.946000	0.831341	0.831341
1.948000	0.833553	0.833553
1.950000	0.834502	0.834502
1.952000	0.833869	0.833869
1.954000	0.834185	0.834185
1.956000	0.834502	0.834502
1.958000	0.831973	0.831973
1.960000	0.833237	0.833237
1.962000	0.834502	0.834502
1.964000	0.832921	0.832921
1.966000	0.831657	0.831657
1.968000	0.834502	0.834502
1.970000	0.833869	0.833869
1.972000	0.835450	0.835450
1.974000	0.833237	0.833237
1.976000	0.833237	0.833237
1.978000	0.831973	0.831973
1.980000	0.832921	0.832921
1.982000	0.834502	0.834502
1.984000	0.835134	0.835134
1.986000	0.831973	0.831973
1.988000	0.834185	0.834185
1.990000	0.834502	0.834502
1.992000	0.834502	0.834502
1.994000	0.834185	0.834185
1.996000	0.835134	0.835134
1.998000	0.834185	0.834185
2.000000	0.833553	0.833553
2.002000	0.834502	0.834502
2.004000	0.833869	0.833869
2.006000	0.834185	0.834185
2.008000	0.833869	0.833869
2.010000	0.835450	0.835450
2.012000	0.835134	0.835134
2.014000	0.833869	0.833869
2.016000	0.834818	0.834818
2.018000	0.833237	0.833237
2.020000	0.834818	0.834818
2.022000	0.833553	0.833553
2.024000	0.834502	0.834502
2.026000	0.833237	0.833237
2.028000	0.833869	0.833869
2.030000	0.834185	0.834185
2.032000	0.833553	0.833553
2.034000	0.834185	0.834185
2.036000	0.833553	0.833553
2.038000	0.833553	0.833553
2.040000	0.833553	0.833553
2.042000	0.833553	0.833553
2.044000	0.833237	0.833237
2.046000	0.834502	0.834502
2.048000	0.833869	0.833869
2.050000	0.833237	0.833237
2.052000	0.833869	0.833869
2.054000	0.833237	0.833237
2.056000	0.833869	0.833869
2.058000	0.835134	0.835134
2.060000	0.832921	0.832921
2.062000	0.833869	0.833869
2.064000	0.834502	0.834502
2.066000	0.833553	0.833553
2.068000	0.832921	0.832921
2.070000	0.834185	0.834185
2.072000	0.834818	0.834818
2.074000	0.835450	0.835450
2.076000	0.833553	0.833553
2.078000	0.833869	0.833869
2.080000	0.835450	0.835450
2.082000	0.835766	0.835766
2.084000	0.832289	0.832289
2.086000	0.834502	0.834502
2.088000	0.834502	0.834502
2.090000	0.834502	0.834502
2.092000	0.835134	0.835134
2.094000	0.832605	0.832605
2.096000	0.833553	0.833553
2.098000	0.835450	0.835450
2.100000	0.833869	0.833869
2.102000	0.834502	0.834502
2.104000	0.832921	0.832921
2.106000	0.833237	0.833237
2.108000	0.833869	0.833869
2.110000	0.833553	0.833553
2.112000	0.834185	0.834185
2.114000	0.834502	0.834502
2.116000	0.834185	0.834185
2.118000	0.833869	0.833869
2.120000	0.833869	0.833869
2.122000	0.834185	0.834185
2.124000	0.808268	0.808268
2.126000	0.668883	0.668883
2.128000	0.733993	0.733993
2.130000	0.929321	0.929321
2.132000	0.819646	0.819646
2.134000	0.825652	0.825652
2.136000	0.765915	0.765915
2.138000	0.819330	0.819330
2.140000	0.871165	0.871165
2.142000	0.765283	0.765283
2.144000	0.790568	0.790568
2.146000	0.705547	0.705547
2.148000	0.908145	0.908145
2.150000	0.944176	0.944176
2.152000	0.884440	0.884440
2.154000	0.769076	0.769076
2.156000	0.812377	0.812377
2.158000	0.770972	0.770972
2.160000	0.873694	0.873694
2.162000	0.819962	0.819962
2.164000	0.847144	0.847144
2.166000	0.865476	0.865476
2.168000	0.800050	0.800050
2.170000	0.791833	0.791833
2.172000	0.820595	0.820595
2.174000	0.866424	0.866424
2.176000	0.877170	0.877170
2.178000	0.847460	0.847460
2.180000	0.810481	0.810481
2.182000	0.788988	0.788988
2.184000	0.831657	0.831657
2.186000	0.869585	0.869585
2.188000	0.860735	0.860735
2.190000	0.814273	0.814273
2.192000	0.779190	0.779190
2.194000	0.791833	0.791833
2.196000	0.848724	0.848724
2.198000	0.873694	0.873694
2.200000	0.845564	0.845564
2.202000	0.806056	0.806056
2.204000	0.803843	0.803843
2.206000	0.837030	0.837030
2.208000	0.855678	0.855678
2.210000	0.854098	0.854098
2.212000	0.834818	0.834818
2.214000	0.799102	0.799102
2.216000	0.795625	0.795625
2.218000	0.830077	0.830077
2.220000	0.859471	0.859471
2.222000	0.846512	0.846512
2.224000	0.822175	0.822175
2.226000	0.800682	0.800682
2.228000	0.784247	0.784247
2.230000	0.755169	0.755169
2.232000	0.793097	0.793097
2.234000	0.872113	0.872113
2.236000	0.895186	0.895186
2.238000	0.843667	0.843667
2.240000	0.777926	0.777926
2.242000	0.772869	0.772869
2.244000	0.831657	0.831657
2.246000	0.879699	0.879699
2.248000	0.860735	0.860735
2.250000	0.799734	0.799734
2.252000	0.764967	0.764967
2.254000	0.789936	0.789936
2.256000	0.854730	0.854730
2.258000	0.887284	0.887284
2.260000	0.851253	0.851253
2.262000	0.794993	0.794993
2.264000	0.786776	0.786776
2.266000	0.828812	0.828812
2.268000	0.867372	0.867372
2.270000	0.862947	0.862947
2.272000	0.817434	0.817434
2.274000	0.785195	0.785195
2.276000	0.800366	0.800366
2.278000	0.847776	0.847776
2.280000	0.866424	0.866424
2.282000	0.841771	0.841771
2.284000	0.802579	0.802579
2.286000	0.796574	0.796574
2.288000	0.830077	0.830077
2.290000	0.862315	0.862315
2.292000	0.856942	0.856942
2.294000	0.824703	0.824703
2.296000	0.800050	0.800050
2.298000	0.812377	0.812377
2.300000	0.844932	0.844932
2.302000	0.856942	0.856942
2.304000	0.834502	0.834502
2.306000	0.802579	0.802579
2.308000	0.800366	0.800366
2.310000	0.826600	0.826600
2.312000	0.850305	0.850305
2.314000	0.842403	0.842403
2.316000	0.819646	0.819646
2.318000	0.809532	0.809532
2.320000	0.823123	0.823123
2.322000	0.842719	0.842719
2.324000	0.850937	0.850937
2.326000	0.836082	0.836082
2.328000	0.813325	0.813325
2.330000	0.812377	0.812377
2.332000	0.832921	0.832921
2.334000	0.846512	0.846512
2.336000	0.838926	0.838926
2.338000	0.820595	0.820595
2.340000	0.815538	0.815538
2.342000	0.825652	0.825652
2.344000	0.840191	0.840191
2.346000	0.841771	0.841771
2.348000	0.829761	0.829761
2.350000	0.816802	0.816802
2.352000	0.817434	0.817434
2.354000	0.834502	0.834502
2.356000	0.843351	0.843351
2.358000	0.836398	0.836398
2.360000	0.819646	0.819646
2.362000	0.816802	0.816802
2.364000	0.830077	0.830077
2.366000	0.839559	0.839559
2.368000	0.837030	0.837030
2.370000	0.825336	0.825336
2.372000	0.818382	0.818382
2.374000	0.823439	0.823439
2.376000	0.832605	0.832605
2.378000	0.835134	0.835134
2.380000	0.828180	0.828180
2.382000	0.812377	0.812377
2.384000	0.803211	0.803211
2.386000	0.818382	0.818382
2.388000	0.843351	0.843351
2.390000	0.847460	0.847460
2.392000	0.831341	0.831341
2.394000	0.810481	0.810481
2.396000	0.812061	0.812061
2.398000	0.833869	0.833869
2.400000	0.848092	0.848092
2.402000	0.843351	0.843351
2.404000	0.822491	0.822491
2.406000	0.810481	0.810481
2.408000	0.821227	0.821227
2.410000	0.837346	0.837346
2.412000	0.843035	0.843035
2.414000	0.831341	0.831341
2.416000	0.816170	0.816170
2.418000	0.815222	0.815222
2.420000	0.829761	0.829761
2.422000	0.843667	0.843667
2.424000	0.838926	0.838926
2.426000	0.824387	0.824387
2.428000	0.814273	0.814273
2.430000	0.824071	0.824071
2.432000	0.840823	0.840823
2.434000	0.844932	0.844932
2.436000	0.831025	0.831025
2.438000	0.811113	0.811113
2.440000	0.813641	0.813641
2.442000	0.830393	0.830393
2.444000	0.843667	0.843667
2.446000	0.837030	0.837030
2.448000	0.822491	0.822491
2.450000	0.810481	0.810481
2.452000	0.821859	0.821859
2.454000	0.840507	0.840507
2.456000	0.845248	0.845248
2.458000	0.829761	0.829761
2.460000	0.813957	0.813957
2.462000	0.819330	0.819330
2.464000	0.837030	0.837030
2.466000	0.842087	0.842087
2.468000	0.830077	0.830077
2.470000	0.822491	0.822491
2.472000	0.821543	0.821543
2.474000	0.825968	0.825968
2.476000	0.831657	0.831657
2.478000	0.836082	0.836082
2.480000	0.829761	0.829761
2.482000	0.819014	0.819014
2.484000	0.819330	0.819330
2.486000	0.830077	0.830077
2.488000	0.836082	0.836082
2.490000	0.827232	0.827232
2.492000	0.818066	0.818066
2.494000	0.819014	0.819014
2.496000	0.826284	0.826284
2.498000	0.833869	0.833869
2.500000	0.833869	0.833869
2.502000	0.826916	0.826916
2.504000	0.814589	0.814589
2.506000	0.811113	0.811113
2.508000	0.825968	0.825968
2.510000	0.842719	0.842719
2.512000	0.843351	0.843351
2.514000	0.824387	0.824387
2.516000	0.814905	0.814905
2.518000	0.824387	0.824387
2.520000	0.838294	0.838294
2.522000	0.837978	0.837978
2.524000	0.828812	0.828812
2.526000	0.818066	0.818066
2.528000	0.818698	0.818698
2.530000	0.828180	0.828180
2.532000	0.837662	0.837662
2.534000	0.836082	0.836082
2.536000	0.824703	0.824703
2.538000	0.816802	0.816802
2.540000	0.825020	0.825020
2.542000	0.836398	0.836398
2.544000	0.835450	0.835450
2.546000	0.826916	0.826916
2.548000	0.820911	0.820911
2.550000	0.820911	0.820911
2.552000	0.830709	0.830709
2.554000	0.837030	0.837030
2.556000	0.832605	0.832605
2.558000	0.822491	0.822491
2.560000	0.821227	0.821227
2.562000	0.825336	0.825336
2.564000	0.834185	0.834185
2.566000	0.834502	0.834502
2.568000	0.825336	0.825336
2.570000	0.820911	0.820911
2.572000	0.826916	0.826916
2.574000	0.831973	0.831973
2.576000	0.834185	0.834185
2.578000	0.828180	0.828180
2.580000	0.824387	0.824387
2.582000	0.821543	0.821543
2.584000	0.828180	0.828180
2.586000	0.831341	0.831341
2.588000	0.830709	0.830709
2.590000	0.825652	0.825652
2.592000	0.822807	0.822807
2.594000	0.829444	0.829444
2.596000	0.833237	0.833237
2.598000	0.832921	0.832921
2.600000	0.828180	0.828180
2.602000	0.824703	0.824703
2.604000	0.825336	0.825336
2.606000	0.829761	0.829761
2.608000	0.827548	0.827548
2.610000	0.820595	0.820595
2.612000	0.819014	0.819014
2.614000	0.832605	0.832605
2.616000	0.841455	0.841455
2.618000	0.833869	0.833869
2.620000	0.819646	0.819646
2.622000	0.816802	0.816802
2.624000	0.831025	0.831025
2.626000	0.845880	0.845880
2.628000	0.829128	0.829128
2.630000	0.817434	0.817434
2.632000	0.834502	0.834502
2.634000	0.836082	0.836082
2.636000	0.831341	0.831341
2.638000	0.827548	0.827548
2.640000	0.826284	0.826284
2.642000	0.828180	0.828180
2.644000	0.830393	0.830393
2.646000	0.834185	0.834185
2.648000	0.831341	0.831341
2.650000	0.826916	0.826916
2.652000	0.827232	0.827232
2.654000	0.832921	0.832921
2.656000	0.834818	0.834818
2.658000	0.830709	0.830709
2.660000	0.827232	0.827232
2.662000	0.828496	0.828496
2.664000	0.831025	0.831025
2.666000	0.831025	0.831025
2.668000	0.831657	0.831657
2.670000	0.830077	0.830077
2.672000	0.830077	0.830077
2.674000	0.831341	0.831341
2.676000	0.829128	0.829128
2.678000	0.831657	0.831657
2.680000	0.831657	0.831657
2.682000	0.827864	0.827864
2.684000	0.828812	0.828812
2.686000	0.828496	0.828496
2.688000	0.830709	0.830709
2.690000	0.828812	0.828812
2.692000	0.825652	0.825652
2.694000	0.822491	0.822491
2.696000	0.821859	0.821859
2.698000	0.831025	0.831025
2.700000	0.834185	0.834185
2.702000	0.831657	0.831657
2.704000	0.825020	0.825020
2.706000	0.820595	0.820595
2.708000	0.830393	0.830393
2.710000	0.835766	0.835766
2.712000	0.833237	0.833237
2.714000	0.824071	0.824071
2.716000	0.822175	0.822175
2.718000	0.824387	0.824387
2.720000	0.822175	0.822175
2.722000	0.825968	0.825968
2.724000	0.831025	0.831025
2.726000	0.830077	0.830077
2.728000	0.826284	0.826284
2.730000	0.825020	0.825020
2.732000	0.826916	0.826916
2.734000	0.832289	0.832289
2.736000	0.831973	0.831973
2.738000	0.827548	0.827548
2.740000	0.824387	0.824387
2.742000	0.825336	0.825336
2.744000	0.830077	0.830077
2.746000	0.830709	0.830709
2.748000	0.828180	0.828180
2.750000	0.823755	0.823755
2.752000	0.822491	0.822491
2.754000	0.825336	0.825336
2.756000	0.826916	0.826916
2.758000	0.829761	0.829761
2.760000	0.825652	0.825652
2.762000	0.824703	0.824703
2.764000	0.826916	0.826916
2.766000	0.828812	0.828812
2.768000	0.830077	0.830077
2.770000	0.826916	0.826916
2.772000	0.824071	0.824071
2.774000	0.824071	0.824071
2.776000	0.828812	0.828812
2.778000	0.831657	0.831657
2.780000	0.830393	0.830393
2.782000	0.826600	0.826600
2.784000	0.825968	0.825968
2.786000	0.827232	0.827232
2.788000	0.832921	0.832921
2.790000	0.833553	0.833553
2.792000	0.828812	0.828812
2.794000	0.823439	0.823439
2.796000	0.826600	0.826600
2.798000	0.831657	0.831657
2.800000	0.830709	0.830709
2.802000	0.829444	0.829444
2.804000	0.827548	0.827548
2.806000	0.827232	0.827232
2.808000	0.826916	0.826916
2.810000	0.829444	0.829444
2.812000	0.830709	0.830709
2.814000	0.829761	0.829761
2.816000	0.826284	0.826284
2.818000	0.828180	0.828180
2.820000	0.829761	0.829761
2.822000	0.831025	0.831025
2.824000	0.829444	0.829444
2.826000	0.831341	0.831341
2.828000	0.829444	0.829444
2.830000	0.829444	0.829444
2.832000	0.830709	0.830709
2.834000	0.829761	0.829761
2.836000	0.829761	0.829761
2.838000	0.828180	0.828180
2.840000	0.828180	0.828180
2.842000	0.829761	0.829761
2.844000	0.829128	0.829128
2.846000	0.829444	0.829444
2.848000	0.828812	0.828812
2.850000	0.827864	0.827864
2.852000	0.828496	0.828496
2.854000	0.829761	0.829761
2.856000	0.828180	0.828180
2.858000	0.826916	0.826916
2.860000	0.828496	0.828496
2.862000	0.828496	0.828496
2.864000	0.827548	0.827548
2.866000	0.828812	0.828812
2.868000	0.828180	0.828180
2.870000	0.828496	0.828496
2.872000	0.826916	0.826916
2.874000	0.828496	0.828496
2.876000	0.828180	0.828180
2.878000	0.829761	0.829761
2.880000	0.828496	0.828496
2.882000	0.830393	0.830393
2.884000	0.830709	0.830709
2.886000	0.828496	0.828496
2.888000	0.829128	0.829128
2.890000	0.827232	0.827232
2.892000	0.828180	0.828180
2.894000	0.827232	0.827232
2.896000	0.827232	0.827232
2.898000	0.826600	0.826600
2.900000	0.827548	0.827548
2.902000	0.826916	0.826916
2.904000	0.828496	0.828496
2.906000	0.828496	0.828496
2.908000	0.828180	0.828180
2.910000	0.827232	0.827232
2.912000	0.826916	0.826916
2.914000	0.827232	0.827232
2.916000	0.830077	0.830077
2.918000	0.829761	0.829761
2.920000	0.828496	0.828496
2.922000	0.826916	0.826916
2.924000	0.828496	0.828496
2.926000	0.829128	0.829128
2.928000	0.828180	0.828180
2.930000	0.827864	0.827864
2.932000	0.827864	0.827864
2.934000	0.827548	0.827548
2.936000	0.827232	0.827232
2.938000	0.829128	0.829128
2.940000	0.828812	0.828812
2.942000	0.827232	0.827232
2.944000	0.828496	0.828496
2.946000	0.828180	0.828180
2.948000	0.830077	0.830077
2.950000	0.828812	0.828812
2.952000	0.827232	0.827232
2.954000	0.828180	0.828180
2.956000	0.828496	0.828496
2.958000	0.827864	0.827864
2.960000	0.828496	0.828496
2.962000	0.827548	0.827548
2.964000	0.828812	0.828812
2.966000	0.828812	0.828812
2.968000	0.829444	0.829444
2.970000	0.826284	0.826284
2.972000	0.829128	0.829128
2.974000	0.828496	0.828496
2.976000	0.827864	0.827864
2.978000	0.829761	0.829761
2.980000	0.829128	0.829128
2.982000	0.830393	0.830393
2.984000	0.829444	0.829444
2.986000	0.829128	0.829128
2.988000	0.829128	0.829128
2.990000	0.828180	0.828180
2.992000	0.829128	0.829128
2.994000	0.829761	0.829761
2.996000	0.828496	0.828496
2.998000	0.828180	0.828180
3.000000	0.829761	0.829761
3.002000	0.829128	0.829128
3.004000	0.828180	0.828180
3.006000	0.828812	0.828812
3.008000	0.830077	0.830077
3.010000	0.827864	0.827864
3.012000	0.827864	0.827864
3.014000	0.828180	0.828180
3.016000	0.828180	0.828180
3.018000	0.828812	0.828812
3.020000	0.829444	0.829444
3.022000	0.829128	0.829128
3.024000	0.829444	0.829444
3.026000	0.827232	0.827232
3.028000	0.828812	0.828812
3.030000	0.826284	0.826284
3.032000	0.828812	0.828812
3.034000	0.828812	0.828812
3.036000	0.827864	0.827864
3.038000	0.828812	0.828812
3.040000	0.828812	0.828812
3.042000	0.829444	0.829444
3.044000	0.828496	0.828496
3.046000	0.828496	0.828496
3.048000	0.827548	0.827548
3.050000	0.828496	0.828496
3.052000	0.827548	0.827548
3.054000	0.828496	0.828496
3.056000	0.828496	0.828496
3.058000	0.827548	0.827548
3.060000	0.827864	0.827864
3.062000	0.828812	0.828812
3.064000	0.827232	0.827232
3.066000	0.827864	0.827864
3.068000	0.827232	0.827232
3.070000	0.827548	0.827548
3.072000	0.829444	0.829444
3.074000	0.829128	0.829128
3.076000	0.828812	0.828812
3.078000	0.828812	0.828812
3.080000	0.829444	0.829444
3.082000	0.829761	0.829761
3.084000	0.828180	0.828180
3.086000	0.827864	0.827864
3.088000	0.828812	0.828812
3.090000	0.827232	0.827232
3.092000	0.828812	0.828812
3.094000	0.828180	0.828180
3.096000	0.828812	0.828812
3.098000	0.828496	0.828496
3.100000	0.828180	0.828180
3.102000	0.828812	0.828812
3.104000	0.828812	0.828812
3.106000	0.830393	0.830393
3.108000	0.829128	0.829128
3.110000	0.828812	0.828812
3.112000	0.830077	0.830077
3.114000	0.828180	0.828180
3.116000	0.829444	0.829444
3.118000	0.828496	0.828496
3.120000	0.829761	0.829761
3.122000	0.829761	0.829761
3.124000	0.828496	0.828496
3.126000	0.827864	0.827864
3.128000	0.826916	0.826916
3.130000	0.827232	0.827232
3.132000	0.828180	0.828180
3.134000	0.827232	0.827232
3.136000	0.828180	0.828180
3.138000	0.829761	0.829761
3.140000	0.827232	0.827232
3.142000	0.828496	0.828496
3.144000	0.828180	0.828180
3.146000	0.828180	0.828180
3.148000	0.830077	0.830077
3.150000	0.829444	0.829444
3.152000	0.827548	0.827548
3.154000	0.828496	0.828496
3.156000	0.829444	0.829444
3.158000	0.827864	0.827864
3.160000	0.826284	0.826284
3.162000	0.827232	0.827232
3.164000	0.827864	0.827864
3.166000	0.827548	0.827548
3.168000	0.828180	0.828180
3.170000	0.828496	0.828496
3.172000	0.827864	0.827864
3.174000	0.827548	0.827548
3.176000	0.826916	0.826916
3.178000	0.827548	0.827548
3.180000	0.829128	0.829128
3.182000	0.827548	0.827548
3.184000	0.828496	0.828496
3.186000	0.827864	0.827864
3.188000	0.827864	0.827864
3.190000	0.829444	0.829444
3.192000	0.828812	0.828812
3.194000	0.828812	0.828812
3.196000	0.828812	0.828812
3.198000	0.829128	0.829128
3.200000	0.829128	0.829128
3.202000	0.827548	0.827548
3.204000	0.829128	0.829128
3.206000	0.827864	0.827864
3.208000	0.827548	0.827548
3.210000	0.828496	0.828496
3.212000	0.828812	0.828812
3.214000	0.828812	0.828812
3.216000	0.829444	0.829444
3.218000	0.828180	0.828180
3.220000	0.829444	0.829444
3.222000	0.828496	0.828496
3.224000	0.827548	0.827548
3.226000	0.826600	0.826600
3.228000	0.827548	0.827548
3.230000	0.828496	0.828496
3.232000	0.829761	0.829761
3.234000	0.827548	0.827548
3.236000	0.828180	0.828180
3.238000	0.829128	0.829128
3.240000	0.828812	0.828812
3.242000	0.828812	0.828812
3.244000	0.827864	0.827864
3.246000	0.828812	0.828812
3.248000	0.827864	0.827864
3.250000	0.828812	0.828812
3.252000	0.828180	0.828180
3.254000	0.828496	0.828496
3.256000	0.827864	0.827864
3.258000	0.827864	0.827864
3.260000	0.828496	0.828496
3.262000	0.829761	0.829761
3.264000	0.826916	0.826916
3.266000	0.829444	0.829444
3.268000	0.827864	0.827864
3.270000	0.829444	0.829444
3.272000	0.827864	0.827864
3.274000	0.829128	0.829128
3.276000	0.828180	0.828180
3.278000	0.829761	0.829761
3.280000	0.829444	0.829444
3.282000	0.828812	0.828812
3.284000	0.829128	0.829128
3.286000	0.830077	0.830077
3.288000	0.828812	0.828812
3.290000	0.827232	0.827232
3.292000	0.827232	0.827232
3.294000	0.829128	0.829128
3.296000	0.827864	0.827864
3.298000	0.828180	0.828180
3.300000	0.828812	0.828812
3.302000	0.829128	0.829128
3.304000	0.829128	0.829128
3.306000	0.828496	0.828496
3.308000	0.828812	0.828812
3.310000	0.827548	0.827548
3.312000	0.828496	0.828496
3.314000	0.827864	0.827864
3.316000	0.827864	0.827864
3.318000	0.828496	0.828496
3.320000	0.828180	0.828180
3.322000	0.828180	0.828180
3.324000	0.827548	0.827548
3.326000	0.829128	0.829128
3.328000	0.829444	0.829444
3.330000	0.829444	0.829444
3.332000	0.828812	0.828812
3.334000	0.830393	0.830393
3.336000	0.828812	0.828812
3.338000	0.827232	0.827232
3.340000	0.829128	0.829128
3.342000	0.830393	0.830393
3.344000	0.829444	0.829444
3.346000	0.829444	0.829444
3.348000	0.828496	0.828496
3.350000	0.827548	0.827548
3.352000	0.827864	0.827864
3.354000	0.828496	0.828496
3.356000	0.829761	0.829761
3.358000	0.826916	0.826916
3.360000	0.828180	0.828180
3.362000	0.827864	0.827864
3.364000	0.826600	0.826600
3.366000	0.827548	0.827548
3.368000	0.829761	0.829761
3.370000	0.827864	0.827864
3.372000	0.826916	0.826916
3.374000	0.828180	0.828180
3.376000	0.827864	0.827864
3.378000	0.827864	0.827864
3.380000	0.829444	0.829444
3.382000	0.826916	0.826916
3.384000	0.828180	0.828180
3.386000	0.829444	0.829444
3.388000	0.829128	0.829128
3.390000	0.827864	0.827864
3.392000	0.828180	0.828180
3.394000	0.827864	0.827864
3.396000	0.828496	0.828496
3.398000	0.828812	0.828812
3.400000	0.828496	0.828496
3.402000	0.829761	0.829761
3.404000	0.827864	0.827864
3.406000	0.828812	0.828812
3.408000	0.829128	0.829128
3.410000	0.828812	0.828812
3.412000	0.828180	0.828180
3.414000	0.829444	0.829444
3.416000	0.827864	0.827864
3.418000	0.827864	0.827864
3.420000	0.828496	0.828496
3.422000	0.828812	0.828812
3.424000	0.828812	0.828812
3.426000	0.828812	0.828812
3.428000	0.826916	0.826916
3.430000	0.829761	0.829761
3.432000	0.826916	0.826916
3.434000	0.828180	0.828180
3.436000	0.828496	0.828496
3.438000	0.826916	0.826916
3.440000	0.827548	0.827548
3.442000	0.828812	0.828812
3.444000	0.827864	0.827864
3.446000	0.829128	0.829128
3.448000	0.826916	0.826916
3.450000	0.828496	0.828496
3.452000	0.829761	0.829761
3.454000	0.828812	0.828812
3.456000	0.827864	0.827864
3.458000	0.827548	0.827548
3.460000	0.828496	0.828496
3.462000	0.829128	0.829128
3.464000	0.828180	0.828180
3.466000	0.829128	0.829128
3.468000	0.827864	0.827864
3.470000	0.829444	0.829444
3.472000	0.827864	0.827864
3.474000	0.827864	0.827864
3.476000	0.828180	0.828180
3.478000	0.828496	0.828496
3.480000	0.828496	0.828496
3.482000	0.828496	0.828496
3.484000	0.827548	0.827548
3.486000	0.827548	0.827548
3.488000	0.829444	0.829444
3.490000	0.829444	0.829444
3.492000	0.829444	0.829444
3.494000	0.826916	0.826916
3.496000	0.827232	0.827232
3.498000	0.827864	0.827864
3.500000	0.828496	0.828496
3.502000	0.830077	0.830077
3.504000	0.828812	0.828812
3.506000	0.828496	0.828496
3.508000	0.826600	0.826600
3.510000	0.826916	0.826916
3.512000	0.828812	0.828812
3.514000	0.829761	0.829761
3.516000	0.829128	0.829128
3.518000	0.829761	0.829761
3.520000	0.828180	0.828180
3.522000	0.827548	0.827548
3.524000	0.827548	0.827548
3.526000	0.828496	0.828496
3.528000	0.828812	0.828812
3.530000	0.828812	0.828812
3.532000	0.829444	0.829444
3.534000	0.828812	0.828812
3.536000	0.827864	0.827864
3.538000	0.828812	0.828812
3.540000	0.828496	0.828496
3.542000	0.827864	0.827864
3.544000	0.829128	0.829128
3.546000	0.827548	0.827548
3.548000	0.827232	0.827232
3.550000	0.829761	0.829761
3.552000	0.830077	0.830077
3.554000	0.829444	0.829444
3.556000	0.827548	0.827548
3.558000	0.828812	0.828812
3.560000	0.828496	0.828496
3.562000	0.827548	0.827548
3.564000	0.828496	0.828496
3.566000	0.829128	0.829128
3.568000	0.825968	0.825968
3.570000	0.829444	0.829444
3.572000	0.827232	0.827232
3.574000	0.828812	0.828812
3.576000	0.827548	0.827548
3.578000	0.827232	0.827232
3.580000	0.828812	0.828812
3.582000	0.828180	0.828180
3.584000	0.829128	0.829128
3.586000	0.827232	0.827232
3.588000	0.827548	0.827548
3.590000	0.828812	0.828812
3.592000	0.826916	0.826916
3.594000	0.827864	0.827864
3.596000	0.828180	0.828180
3.598000	0.828180	0.828180
3.600000	0.828496	0.828496
3.602000	0.828812	0.828812
3.604000	0.828496	0.828496
3.606000	0.828180	0.828180
3.608000	0.828496	0.828496
3.610000	0.828496	0.828496
3.612000	0.828180	0.828180
3.614000	0.827232	0.827232
3.616000	0.828496	0.828496
3.618000	0.828180	0.828180
3.620000	0.828496	0.828496
3.622000	0.827864	0.827864
3.624000	0.827864	0.827864
3.626000	0.827548	0.827548
3.628000	0.828496	0.828496
3.630000	0.828180	0.828180
3.632000	0.826916	0.826916
3.634000	0.828180	0.828180
3.636000	0.828496	0.828496
3.638000	0.827548	0.827548
3.640000	0.829444	0.829444
3.642000	0.828812	0.828812
3.644000	0.831025	0.831025
3.646000	0.826600	0.826600
3.648000	0.829444	0.829444
3.650000	0.828812	0.828812
3.652000	0.828496	0.828496
3.654000	0.828812	0.828812
3.656000	0.828812	0.828812
3.658000	0.829444	0.829444
3.660000	0.828812	0.828812
3.662000	0.828812	0.828812
3.664000	0.828496	0.828496
3.666000	0.828812	0.828812
3.668000	0.827548	0.827548
3.670000	0.829761	0.829761
3.672000	0.828180	0.828180
3.674000	0.829128	0.829128
3.676000	0.827232	0.827232
3.678000	0.829128	0.829128
3.680000	0.829128	0.829128
3.682000	0.828496	0.828496
3.684000	0.829761	0.829761
3.686000	0.828812	0.828812
3.688000	0.829444	0.829444
3.690000	0.827548	0.827548
3.692000	0.829761	0.829761
3.694000	0.828180	0.828180
3.696000	0.828496	0.828496
3.698000	0.829444	0.829444
3.700000	0.828812	0.828812
3.702000	0.828812	0.828812
3.704000	0.828496	0.828496
3.706000	0.829128	0.829128
3.708000	0.829128	0.829128
3.710000	0.829128	0.829128
3.712000	0.828812	0.828812
3.714000	0.828496	0.828496
3.716000	0.829128	0.829128
3.718000	0.828496	0.828496
3.720000	0.829444	0.829444
3.722000	0.828180	0.828180
3.724000	0.828180	0.828180
3.726000	0.827548	0.827548
3.728000	0.828496	0.828496
3.730000	0.826916	0.826916
3.732000	0.828812	0.828812
3.734000	0.826916	0.826916
3.736000	0.828180	0.828180
3.738000	0.828812	0.828812
3.740000	0.827864	0.827864
3.742000	0.828812	0.828812
3.744000	0.828496	0.828496
3.746000	0.827864	0.827864
3.748000	0.827864	0.827864
3.750000	0.826916	0.826916
3.752000	0.827232	0.827232
3.754000	0.827864	0.827864
3.756000	0.827548	0.827548
3.758000	0.828812	0.828812
3.760000	0.828812	0.828812
3.762000	0.828812	0.828812
3.764000	0.826916	0.826916
3.766000	0.827864	0.827864
3.768000	0.828496	0.828496
3.770000	0.826916	0.826916
3.772000	0.827548	0.827548
3.774000	0.827864	0.827864
3.776000	0.825652	0.825652
3.778000	0.826916	0.826916
3.780000	0.826284	0.826284
3.782000	0.827232	0.827232
3.784000	0.826916	0.826916
3.786000	0.824703	0.824703
3.788000	0.825968	0.825968
3.790000	0.826916	0.826916
3.792000	0.827548	0.827548
3.794000	0.825336	0.825336
3.796000	0.826284	0.826284
3.798000	0.825968	0.825968
3.800000	0.825968	0.825968
3.802000	0.825652	0.825652
3.804000	0.826916	0.826916
3.806000	0.826916	0.826916
3.808000	0.826284	0.826284
3.810000	0.826916	0.826916
3.812000	0.826284	0.826284
3.814000	0.827548	0.827548
3.816000	0.826600	0.826600
3.818000	0.827548	0.827548
3.820000	0.825336	0.825336
3.822000	0.826284	0.826284
3.824000	0.827864	0.827864
3.826000	0.828180	0.828180
3.828000	0.827548	0.827548
3.830000	0.826916	0.826916
3.832000	0.827232	0.827232
3.834000	0.825652	0.825652
3.836000	0.827548	0.827548
3.838000	0.827548	0.827548
3.840000	0.826600	0.826600
3.842000	0.827232	0.827232
3.844000	0.826284	0.826284
3.846000	0.826284	0.826284
3.848000	0.825968	0.825968
3.850000	0.826916	0.826916
3.852000	0.827548	0.827548
3.854000	0.829444	0.829444
3.856000	0.826284	0.826284
3.858000	0.826600	0.826600
3.860000	0.827864	0.827864
3.862000	0.828180	0.828180
3.864000	0.826916	0.826916
3.866000	0.827864	0.827864
3.868000	0.825336	0.825336
3.870000	0.825336	0.825336
3.872000	0.826284	0.826284
3.874000	0.826916	0.826916
3.876000	0.827864	0.827864
3.878000	0.824703	0.824703
3.880000	0.825652	0.825652
3.882000	0.826916	0.826916
3.884000	0.825020	0.825020
3.886000	0.825336	0.825336
3.888000	0.825020	0.825020
3.890000	0.826600	0.826600
3.892000	0.825336	0.825336
3.894000	0.826600	0.826600
3.896000	0.826916	0.826916
3.898000	0.825652	0.825652
3.900000	0.826916	0.826916
3.902000	0.827548	0.827548
3.904000	0.826916	0.826916
3.906000	0.828812	0.828812
3.908000	0.827232	0.827232
3.910000	0.828180	0.828180
3.912000	0.828180	0.828180
3.914000	0.828812	0.828812
3.916000	0.829444	0.829444
3.918000	0.831341	0.831341
3.920000	0.828812	0.828812
3.922000	0.829444	0.829444
3.924000	0.830709	0.830709
3.926000	0.831657	0.831657
3.928000	0.831973	0.831973
3.930000	0.831657	0.831657
3.932000	0.831341	0.831341
3.934000	0.831025	0.831025
3.936000	0.832289	0.832289
3.938000	0.833869	0.833869
3.940000	0.831973	0.831973
3.942000	0.830077	0.830077
3.944000	0.832605	0.832605
3.946000	0.833869	0.833869
3.948000	0.831657	0.831657
3.950000	0.831973	0.831973
3.952000	0.831973	0.831973
3.954000	0.832605	0.832605
3.956000	0.832289	0.832289
3.958000	0.831973	0.831973
3.960000	0.830393	0.830393
3.962000	0.831657	0.831657
3.964000	0.831341	0.831341
3.966000	0.832289	0.832289
3.968000	0.830709	0.830709
3.970000	0.831657	0.831657
3.972000	0.831973	0.831973
3.974000	0.831025	0.831025
3.976000	0.831341	0.831341
3.978000	0.831341	0.831341
3.980000	0.830393	0.830393
3.982000	0.833237	0.833237
3.984000	0.832921	0.832921
3.986000	0.829761	0.829761
3.988000	0.831973	0.831973
3.990000	0.830393	0.830393
3.992000	0.830393	0.830393
3.994000	0.831973	0.831973
3.996000	0.831341	0.831341
3.998000	0.829128	0.829128
4.000000	0.830393	0.830393
4.002000	0.830077	0.830077
4.004000	0.829761	0.829761
4.006000	0.831657	0.831657
4.008000	0.830709	0.830709
4.010000	0.831657	0.831657
4.012000	0.830077	0.830077
4.014000	0.829761	0.829761
4.016000	0.830709	0.830709
4.018000	0.830709	0.830709
4.020000	0.831025	0.831025
4.022000	0.829128	0.829128
4.024000	0.829128	0.829128
4.026000	0.831025	0.831025
4.028000	0.829444	0.829444
4.030000	0.829444	0.829444
4.032000	0.829128	0.829128
4.034000	0.830709	0.830709
4.036000	0.830077	0.830077
4.038000	0.828496	0.828496
4.040000	0.831341	0.831341
4.042000	0.831025	0.831025
4.044000	0.831025	0.831025
4.046000	0.830393	0.830393
4.048000	0.828496	0.828496
4.050000	0.831025	0.831025
4.052000	0.828812	0.828812
4.054000	0.829761	0.829761
4.056000	0.829128	0.829128
4.058000	0.829128	0.829128
4.060000	0.829128	0.829128
4.062000	0.830077	0.830077
4.064000	0.829444	0.829444
4.066000	0.828812	0.828812
4.068000	0.828812	0.828812
4.070000	0.831341	0.831341
4.072000	0.830709	0.830709
4.074000	0.831025	0.831025
4.076000	0.830077	0.830077
4.078000	0.830709	0.830709
4.080000	0.830709	0.830709
4.082000	0.828180	0.828180
4.084000	0.830709	0.830709
4.086000	0.829761	0.829761
4.088000	0.830077	0.830077
4.090000	0.830077	0.830077
4.092000	0.829761	0.829761
4.094000	0.831025	0.831025
4.096000	0.830077	0.830077
4.098000	0.830077	0.830077
4.100000	0.829761	0.829761
4.102000	0.830077	0.830077
4.104000	0.829444	0.829444
4.106000	0.829444	0.829444
4.108000	0.831341	0.831341
4.110000	0.830393	0.830393
4.112000	0.831025	0.831025
4.114000	0.829444	0.829444
4.116000	0.828812	0.828812
4.118000	0.830393	0.830393
4.120000	0.830077	0.830077
4.122000	0.829444	0.829444
4.124000	0.830709	0.830709
4.126000	0.830393	0.830393
4.128000	0.830709	0.830709
4.130000	0.830077	0.830077
4.132000	0.832289	0.832289
4.134000	0.830709	0.830709
4.136000	0.830709	0.830709
4.138000	0.830709	0.830709
4.140000	0.829761	0.829761
4.142000	0.831341	0.831341
4.144000	0.830393	0.830393
4.146000	0.831025	0.831025
4.148000	0.830709	0.830709
4.150000	0.829128	0.829128
4.152000	0.830709	0.830709
4.154000	0.830709	0.830709
4.156000	0.831025	0.831025
4.158000	0.829444	0.829444
4.160000	0.828812	0.828812
4.162000	0.831025	0.831025
4.164000	0.830709	0.830709
4.166000	0.828812	0.828812
4.168000	0.830393	0.830393
4.170000	0.830077	0.830077
4.172000	0.828812	0.828812
4.174000	0.830393	0.830393
4.176000	0.829128	0.829128
4.178000	0.830077	0.830077
4.180000	0.829761	0.829761
4.182000	0.830077	0.830077
4.184000	0.829761	0.829761
4.186000	0.830393	0.830393
4.188000	0.830709	0.830709
4.190000	0.830077	0.830077
4.192000	0.830709	0.830709
4.194000	0.830077	0.830077
4.196000	0.828812	0.828812
4.198000	0.829761	0.829761
4.200000	0.830709	0.830709
4.202000	0.828812	0.828812
4.204000	0.828496	0.828496
4.206000	0.829128	0.829128
4.208000	0.829128	0.829128
4.210000	0.830709	0.830709
4.212000	0.830077	0.830077
4.214000	0.830077	0.830077
4.216000	0.831341	0.831341
4.218000	0.829444	0.829444
4.220000	0.830077	0.830077
4.222000	0.828180	0.828180
4.224000	0.829444	0.829444
4.226000	0.830393	0.830393
4.228000	0.831657	0.831657
4.230000	0.829444	0.829444
4.232000	0.828496	0.828496
4.234000	0.829444	0.829444
4.236000	0.831025	0.831025
4.238000	0.831657	0.831657
4.240000	0.830709	0.830709
4.242000	0.830709	0.830709
4.244000	0.828180	0.828180
4.246000	0.828496	0.828496
4.248000	0.830077	0.830077
4.250000	0.831341	0.831341
4.252000	0.829444	0.829444
4.254000	0.831025	0.831025
4.256000	0.830077	0.830077
4.258000	0.830077	0.830077
4.260000	0.831341	0.831341
4.262000	0.831341	0.831341
4.264000	0.828812	0.828812
4.266000	0.829128	0.829128
4.268000	0.830077	0.830077
4.270000	0.829444	0.829444
4.272000	0.831341	0.831341
4.274000	0.829444	0.829444
4.276000	0.829444	0.829444
4.278000	0.829128	0.829128
4.280000	0.830077	0.830077
4.282000	0.831341	0.831341
4.284000	0.830077	0.830077
4.286000	0.829128	0.829128
4.288000	0.829444	0.829444
4.290000	0.830393	0.830393
4.292000	0.832605	0.832605
4.294000	0.830393	0.830393
4.296000	0.831657	0.831657
4.298000	0.829128	0.829128
4.300000	0.829444	0.829444
4.302000	0.830709	0.830709
4.304000	0.830077	0.830077
4.306000	0.830709	0.830709
4.308000	0.830393	0.830393
4.310000	0.830077	0.830077
4.312000	0.830393	0.830393
4.314000	0.831973	0.831973
4.316000	0.830393	0.830393
4.318000	0.829444	0.829444
4.320000	0.830077	0.830077
4.322000	0.829128	0.829128
4.324000	0.830709	0.830709
4.326000	0.830709	0.830709
4.328000	0.830709	0.830709
4.330000	0.828812	0.828812
4.332000	0.830709	0.830709
4.334000	0.830077	0.830077
4.336000	0.830077	0.830077
4.338000	0.829128	0.829128
4.340000	0.830393	0.830393
4.342000	0.831973	0.831973
4.344000	0.831657	0.831657
4.346000	0.831025	0.831025
4.348000	0.829761	0.829761
4.350000	0.831025	0.831025
4.352000	0.831341	0.831341
4.354000	0.829761	0.829761
4.356000	0.829444	0.829444
4.358000	0.830077	0.830077
4.360000	0.831657	0.831657
4.362000	0.828812	0.828812
4.364000	0.828496	0.828496
4.366000	0.829444	0.829444
4.368000	0.830709	0.830709
4.370000	0.831341	0.831341
4.372000	0.831341	0.831341
4.374000	0.829128	0.829128
4.376000	0.829128	0.829128
4.378000	0.829444	0.829444
4.380000	0.831341	0.831341
4.382000	0.829761	0.829761
4.384000	0.829761	0.829761
4.386000	0.830393	0.830393
4.388000	0.830077	0.830077
4.390000	0.829444	0.829444
4.392000	0.830709	0.830709
4.394000	0.830077	0.830077
4.396000	0.828180	0.828180
4.398000	0.830393	0.830393
4.400000	0.829761	0.829761
4.402000	0.830709	0.830709
4.404000	0.831025	0.831025
4.406000	0.828812	0.828812
4.408000	0.830709	0.830709
4.410000	0.831341	0.831341
4.412000	0.829444	0.829444
4.414000	0.830709	0.830709
4.416000	0.829761	0.829761
4.418000	0.830709	0.830709
4.420000	0.830077	0.830077
4.422000	0.831341	0.831341
4.424000	0.830077	0.830077
4.426000	0.831973	0.831973
4.428000	0.829444	0.829444
4.430000	0.829761	0.829761
4.432000	0.829444	0.829444
4.434000	0.830077	0.830077
4.436000	0.828812	0.828812
4.438000	0.827864	0.827864
4.440000	0.830709	0.830709
4.442000	0.829128	0.829128
4.444000	0.829761	0.829761
4.446000	0.829761	0.829761
4.448000	0.829128	0.829128
4.450000	0.829444	0.829444
4.452000	0.828496	0.828496
4.454000	0.829444	0.829444
4.456000	0.829444	0.829444
4.458000	0.830709	0.830709
4.460000	0.830077	0.830077
4.462000	0.831341	0.831341
4.464000	0.829761	0.829761
4.466000	0.831025	0.831025
4.468000	0.830709	0.830709
4.470000	0.829761	0.829761
4.472000	0.828812	0.828812
4.474000	0.828812	0.828812
4.476000	0.830393	0.830393
4.478000	0.830709	0.830709
4.480000	0.829761	0.829761
4.482000	0.830077	0.830077
4.484000	0.831341	0.831341
4.486000	0.829444	0.829444
4.488000	0.829444	0.829444
4.490000	0.828496	0.828496
4.492000	0.829761	0.829761
4.494000	0.829128	0.829128
4.496000	0.830709	0.830709
4.498000	0.828180	0.828180
4.500000	0.830709	0.830709
4.502000	0.829444	0.829444
4.504000	0.830077	0.830077
4.506000	0.830077	0.830077
4.508000	0.830709	0.830709
4.510000	0.831025	0.831025
4.512000	0.829761	0.829761
4.514000	0.828812	0.828812
4.516000	0.828496	0.828496
4.518000	0.830709	0.830709
4.520000	0.829128	0.829128
4.522000	0.831657	0.831657
4.524000	0.830393	0.830393
4.526000	0.830077	0.830077
4.528000	0.831025	0.831025
4.530000	0.830077	0.830077
4.532000	0.829761	0.829761
4.534000	0.830393	0.830393
4.536000	0.828180	0.828180
4.538000	0.830709	0.830709
4.540000	0.830077	0.830077
4.542000	0.830077	0.830077
4.544000	0.828812	0.828812
4.546000	0.829444	0.829444
4.548000	0.829128	0.829128
4.550000	0.829761	0.829761
4.552000	0.830077	0.830077
4.554000	0.829444	0.829444
4.556000	0.830077	0.830077
4.558000	0.830709	0.830709
4.560000	0.829761	0.829761
4.562000	0.830393	0.830393
4.564000	0.830077	0.830077
4.566000	0.829444	0.829444
4.568000	0.831025	0.831025
4.570000	0.830393	0.830393
4.572000	0.830077	0.830077
4.574000	0.828812	0.828812
4.576000	0.828496	0.828496
4.578000	0.830709	0.830709
4.580000	0.831025	0.831025
4.582000	0.830077	0.830077
4.584000	0.830393	0.830393
4.586000	0.830709	0.830709
4.588000	0.831341	0.831341
4.590000	0.830709	0.830709
4.592000	0.830077	0.830077
4.594000	0.830709	0.830709
4.596000	0.829128	0.829128
4.598000	0.830709	0.830709
4.600000	0.830393	0.830393
4.602000	0.830077	0.830077
4.604000	0.830077	0.830077
4.606000	0.831025	0.831025
4.608000	0.830393	0.830393
4.610000	0.829761	0.829761
4.612000	0.829761	0.829761
4.614000	0.829444	0.829444
4.616000	0.831025	0.831025
4.618000	0.830709	0.830709
4.620000	0.830393	0.830393
4.622000	0.831341	0.831341
4.624000	0.829444	0.829444
4.626000	0.830393	0.830393
4.628000	0.829128	0.829128
4.630000	0.830709	0.830709
4.632000	0.830077	0.830077
4.634000	0.831025	0.831025
4.636000	0.830077	0.830077
4.638000	0.829761	0.829761
4.640000	0.831025	0.831025
4.642000	0.830393	0.830393
4.644000	0.829128	0.829128
4.646000	0.829128	0.829128
4.648000	0.829761	0.829761
4.650000	0.830709	0.830709
4.652000	0.830709	0.830709
4.654000	0.831025	0.831025
4.656000	0.829761	0.829761
4.658000	0.829444	0.829444
4.660000	0.829444	0.829444
4.662000	0.827864	0.827864
4.664000	0.829444	0.829444
4.666000	0.829444	0.829444
4.668000	0.830077	0.830077
4.670000	0.830393	0.830393
4.672000	0.831341	0.831341
4.674000	0.829128	0.829128
4.676000	0.830393	0.830393
4.678000	0.830077	0.830077
4.680000	0.830393	0.830393
4.682000	0.829761	0.829761
4.684000	0.829761	0.829761
4.686000	0.828180	0.828180
4.688000	0.829761	0.829761
4.690000	0.830393	0.830393
4.692000	0.830709	0.830709
4.694000	0.830393	0.830393
4.696000	0.830077	0.830077
4.698000	0.829444	0.829444
4.700000	0.830709	0.830709
4.702000	0.829128	0.829128
4.704000	0.830709	0.830709
4.706000	0.830393	0.830393
4.708000	0.829444	0.829444
4.710000	0.830077	0.830077
4.712000	0.830393	0.830393
4.714000	0.830709	0.830709
4.716000	0.831341	0.831341
4.718000	0.830077	0.830077
4.720000	0.831657	0.831657
4.722000	0.830709	0.830709
4.724000	0.830077	0.830077
4.726000	0.831025	0.831025
4.728000	0.830393	0.830393
4.730000	0.827548	0.827548
4.732000	0.830709	0.830709
4.734000	0.830077	0.830077
4.736000	0.829761	0.829761
4.738000	0.831025	0.831025
4.740000	0.828812	0.828812
4.742000	0.831025	0.831025
4.744000	0.830393	0.830393
4.746000	0.829128	0.829128
4.748000	0.829444	0.829444
4.750000	0.829444	0.829444
4.752000	0.829761	0.829761
4.754000	0.829444	0.829444
4.756000	0.830077	0.830077
4.758000	0.829444	0.829444
4.760000	0.830077	0.830077
4.762000	0.830393	0.830393
4.764000	0.830077	0.830077
4.766000	0.831341	0.831341
4.768000	0.830709	0.830709
4.770000	0.828812	0.828812
4.772000	0.832289	0.832289
4.774000	0.829761	0.829761
4.776000	0.830393	0.830393
4.778000	0.830709	0.830709
4.780000	0.831341	0.831341
4.782000	0.829444	0.829444
4.784000	0.831025	0.831025
4.786000	0.831341	0.831341
4.788000	0.830077	0.830077
4.790000	0.829444	0.829444
4.792000	0.831025	0.831025
4.794000	0.829444	0.829444
4.796000	0.830709	0.830709
4.798000	0.829761	0.829761
4.800000	0.830709	0.830709
4.802000	0.831341	0.831341
4.804000	0.829761	0.829761
4.806000	0.830077	0.830077
4.808000	0.830077	0.830077
4.810000	0.828496	0.828496
4.812000	0.829444	0.829444
4.814000	0.830393	0.830393
4.816000	0.828812	0.828812
4.818000	0.830077	0.830077
4.820000	0.830393	0.830393
4.822000	0.828812	0.828812
4.824000	0.830077	0.830077
4.826000	0.831341	0.831341
4.828000	0.830393	0.830393
4.830000	0.830077	0.830077
4.832000	0.829761	0.829761
4.834000	0.830709	0.830709
4.836000	0.828812	0.828812
4.838000	0.830077	0.830077
4.840000	0.829444	0.829444
4.842000	0.829761	0.829761
4.844000	0.830709	0.830709
4.846000	0.828812	0.828812
4.848000	0.830393	0.830393
4.850000	0.830709	0.830709
4.852000	0.830393	0.830393
4.854000	0.830077	0.830077
4.856000	0.830709	0.830709
4.858000	0.830393	0.830393
4.860000	0.829128	0.829128
4.862000	0.829444	0.829444
4.864000	0.828812	0.828812
4.866000	0.829444	0.829444
4.868000	0.830393	0.830393
4.870000	0.829444	0.829444
4.872000	0.829761	0.829761
4.874000	0.829444	0.829444
4.876000	0.829761	0.829761
4.878000	0.829444	0.829444
4.880000	0.828812	0.828812
4.882000	0.831341	0.831341
4.884000	0.830393	0.830393
4.886000	0.830709	0.830709
4.888000	0.830709	0.830709
4.890000	0.830393	0.830393
4.892000	0.828496	0.828496
4.894000	0.830709	0.830709
4.896000	0.828180	0.828180
4.898000	0.831657	0.831657
4.900000	0.830077	0.830077
4.902000	0.829444	0.829444
4.904000	0.829761	0.829761
4.906000	0.830709	0.830709
4.908000	0.830077	0.830077
4.910000	0.831025	0.831025
4.912000	0.829444	0.829444
4.914000	0.832289	0.832289
4.916000	0.829761	0.829761
4.918000	0.830709	0.830709
4.920000	0.831025	0.831025
4.922000	0.831657	0.831657
4.924000	0.831025	0.831025
4.926000	0.831341	0.831341
4.928000	0.831025	0.831025
4.930000	0.829444	0.829444
4.932000	0.830077	0.830077
4.934000	0.829761	0.829761
4.936000	0.829444	0.829444
4.938000	0.831025	0.831025
4.940000	0.831025	0.831025
4.942000	0.831025	0.831025
4.944000	0.830709	0.830709
4.946000	0.830077	0.830077
4.948000	0.829128	0.829128
4.950000	0.830709	0.830709
4.952000	0.830393	0.830393
4.954000	0.831341	0.831341
4.956000	0.829761	0.829761
4.958000	0.830393	0.830393
4.960000	0.830709	0.830709
4.962000	0.830709	0.830709
4.964000	0.830393	0.830393
4.966000	0.829444	0.829444
4.968000	0.829128	0.829128
4.970000	0.829444	0.829444
4.972000	0.829444	0.829444
4.974000	0.830077	0.830077
4.976000	0.831341	0.831341
4.978000	0.827548	0.827548
4.980000	0.829128	0.829128
4.982000	0.830709	0.830709
4.984000	0.829444	0.829444
4.986000	0.831341	0.831341
4.988000	0.828180	0.828180
4.990000	0.830077	0.830077
4.992000	0.830077	0.830077
4.994000	0.829444	0.829444
4.996000	0.829444	0.829444
4.998000	0.830077	0.830077
5.000000	0.828812	0.828812
5.002000	0.831341	0.831341
5.004000	0.831025	0.831025
5.006000	0.829444	0.829444
5.008000	0.830709	0.830709
5.010000	0.829444	0.829444
5.012000	0.830709	0.830709
5.014000	0.830077	0.830077
5.016000	0.828812	0.828812
5.018000	0.829761	0.829761
5.020000	0.829444	0.829444
5.022000	0.830709	0.830709
5.024000	0.828496	0.828496
5.026000	0.829444	0.829444
5.028000	0.830393	0.830393
5.030000	0.830709	0.830709
5.032000	0.829444	0.829444
5.034000	0.830709	0.830709
5.036000	0.830393	0.830393
5.038000	0.829761	0.829761
5.040000	0.829444	0.829444
5.042000	0.830709	0.830709
5.044000	0.830709	0.830709
5.046000	0.829761	0.829761
5.048000	0.830709	0.830709
5.050000	0.830709	0.830709
5.052000	0.830709	0.830709
5.054000	0.828496	0.828496
5.056000	0.830709	0.830709
5.058000	0.828812	0.828812
5.060000	0.829128	0.829128
5.062000	0.828812	0.828812
5.064000	0.830077	0.830077
5.066000	0.831025	0.831025
5.068000	0.830393	0.830393
5.070000	0.830393	0.830393
5.072000	0.830709	0.830709
5.074000	0.830709	0.830709
5.076000	0.829761	0.829761
5.078000	0.829444	0.829444
5.080000	0.829444	0.829444
5.082000	0.830393	0.830393
5.084000	0.829444	0.829444
5.086000	0.828496	0.828496
5.088000	0.830393	0.830393
5.090000	0.830709	0.830709
5.092000	0.831973	0.831973
5.094000	0.830077	0.830077
5.096000	0.829128	0.829128
5.098000	0.830393	0.830393
5.100000	0.829444	0.829444
5.102000	0.829444	0.829444
5.104000	0.830077	0.830077
5.106000	0.829128	0.829128
5.108000	0.830077	0.830077
5.110000	0.830709	0.830709
5.112000	0.831657	0.831657
5.114000	0.831025	0.831025
5.116000	0.829444	0.829444
5.118000	0.830709	0.830709
5.120000	0.829444	0.829444
5.122000	0.831025	0.831025
5.124000	0.830393	0.830393
5.126000	0.830393	0.830393
5.128000	0.830709	0.830709
5.130000	0.829444	0.829444
5.132000	0.830709	0.830709
5.134000	0.829761	0.829761
5.136000	0.830709	0.830709
5.138000	0.831657	0.831657
5.140000	0.829128	0.829128
5.142000	0.829444	0.829444
5.144000	0.831341	0.831341
5.146000	0.830077	0.830077
5.148000	0.830709	0.830709
5.150000	0.830709	0.830709
5.152000	0.830077	0.830077
5.154000	0.830393	0.830393
5.156000	0.830709	0.830709
5.158000	0.829444	0.829444
5.160000	0.828812	0.828812
5.162000	0.831025	0.831025
5.164000	0.830393	0.830393
5.166000	0.828180	0.828180
5.168000	0.830077	0.830077
5.170000	0.830709	0.830709
5.172000	0.830077	0.830077
5.174000	0.829761	0.829761
5.176000	0.830077	0.830077
5.178000	0.830393	0.830393
5.180000	0.830393	0.830393
5.182000	0.830393	0.830393
5.184000	0.828812	0.828812
5.186000	0.827864	0.827864
5.188000	0.832289	0.832289
5.190000	0.831025	0.831025
5.192000	0.828812	0.828812
5.194000	0.829444	0.829444
5.196000	0.830393	0.830393
5.198000	0.828180	0.828180
5.200000	0.830077	0.830077
5.202000	0.830709	0.830709
5.204000	0.830393	0.830393
5.206000	0.829444	0.829444
5.208000	0.831025	0.831025
5.210000	0.829444	0.829444
5.212000	0.828180	0.828180
5.214000	0.829444	0.829444
5.216000	0.831657	0.831657
5.218000	0.828812	0.828812
5.220000	0.829761	0.829761
5.222000	0.830077	0.830077
5.224000	0.828812	0.828812
5.226000	0.830393	0.830393
5.228000	0.829761	0.829761
5.230000	0.831025	0.831025
5.232000	0.829761	0.829761
5.234000	0.829761	0.829761
5.236000	0.830077	0.830077
5.238000	0.831025	0.831025
5.240000	0.829128	0.829128
5.242000	0.830077	0.830077
5.244000	0.830393	0.830393
5.246000	0.829761	0.829761
5.248000	0.829444	0.829444
5.250000	0.830709	0.830709
5.252000	0.829761	0.829761
5.254000	0.829761	0.829761
5.256000	0.830393	0.830393
5.258000	0.830077	0.830077
5.260000	0.828496	0.828496
5.262000	0.831025	0.831025
5.264000	0.829761	0.829761
5.266000	0.830393	0.830393
5.268000	0.830393	0.830393
5.270000	0.830709	0.830709
5.272000	0.830393	0.830393
5.274000	0.831657	0.831657
5.276000	0.829444	0.829444
5.278000	0.830709	0.830709
5.280000	0.831657	0.831657
5.282000	0.830393	0.830393
5.284000	0.831973	0.831973
5.286000	0.831025	0.831025
5.288000	0.831025	0.831025
5.290000	0.831025	0.831025
5.292000	0.829761	0.829761
5.294000	0.828496	0.828496
5.296000	0.830709	0.830709
5.298000	0.828180	0.828180
5.300000	0.829444	0.829444
5.302000	0.827548	0.827548
5.304000	0.830077	0.830077
5.306000	0.830709	0.830709
5.308000	0.828812	0.828812
5.310000	0.829444	0.829444
5.312000	0.830077	0.830077
5.314000	0.830393	0.830393
5.316000	0.829761	0.829761
5.318000	0.831341	0.831341
5.320000	0.831973	0.831973
5.322000	0.829761	0.829761
5.324000	0.829761	0.829761
5.326000	0.832921	0.832921
5.328000	0.829444	0.829444
5.330000	0.830393	0.830393
5.332000	0.831025	0.831025
5.334000	0.829761	0.829761
5.336000	0.831025	0.831025
5.338000	0.830393	0.830393
5.340000	0.828496	0.828496
5.342000	0.829761	0.829761
5.344000	0.831341	0.831341
5.346000	0.830393	0.830393
5.348000	0.829128	0.829128
5.350000	0.828180	0.828180
5.352000	0.828812	0.828812
5.354000	0.831341	0.831341
5.356000	0.830393	0.830393
5.358000	0.831657	0.831657
5.360000	0.830709	0.830709
5.362000	0.828180	0.828180
5.364000	0.830709	0.830709
5.366000	0.829128	0.829128
5.368000	0.830709	0.830709
5.370000	0.829444	0.829444
5.372000	0.828812	0.828812
5.374000	0.830393	0.830393
5.376000	0.830709	0.830709
5.378000	0.830077	0.830077
5.380000	0.831025	0.831025
5.382000	0.830077	0.830077
5.384000	0.830077	0.830077
5.386000	0.828812	0.828812
5.388000	0.829761	0.829761
5.390000	0.830709	0.830709
5.392000	0.830077	0.830077
5.394000	0.830077	0.830077
5.396000	0.831341	0.831341
5.398000	0.829444	0.829444
5.400000	0.828496	0.828496
5.402000	0.831341	0.831341
5.404000	0.829128	0.829128
5.406000	0.831025	0.831025
5.408000	0.831025	0.831025
5.410000	0.828812	0.828812
5.412000	0.829128	0.829128
5.414000	0.828812	0.828812
5.416000	0.829444	0.829444
5.418000	0.829761	0.829761
5.420000	0.829128	0.829128
5.422000	0.829761	0.829761
5.424000	0.831025	0.831025
5.426000	0.828812	0.828812
5.428000	0.829444	0.829444
5.430000	0.829444	0.829444
5.432000	0.829444	0.829444
5.434000	0.830393	0.830393
5.436000	0.830393	0.830393
5.438000	0.829761	0.829761
5.440000	0.829761	0.829761
5.442000	0.830077	0.830077
5.444000	0.831025	0.831025
5.446000	0.830709	0.830709
5.448000	0.829761	0.829761
5.450000	0.828812	0.828812
5.452000	0.830393	0.830393
5.454000	0.830077	0.830077
5.456000	0.830709	0.830709
5.458000	0.831025	0.831025
5.460000	0.830077	0.830077
5.462000	0.830077	0.830077
5.464000	0.830077	0.830077
5.466000	0.829761	0.829761
5.468000	0.831025	0.831025
5.470000	0.830077	0.830077
5.472000	0.831657	0.831657
5.474000	0.829444	0.829444
5.476000	0.828812	0.828812
5.478000	0.830393	0.830393
5.480000	0.829761	0.829761
5.482000	0.829444	0.829444
5.484000	0.830709	0.830709
5.486000	0.830077	0.830077
5.488000	0.829444	0.829444
5.490000	0.831341	0.831341
5.492000	0.829444	0.829444
5.494000	0.830709	0.830709
5.496000	0.829444	0.829444
5.498000	0.829444	0.829444
5.500000	0.830709	0.830709
5.502000	0.830709	0.830709
5.504000	0.830077	0.830077
5.506000	0.830077	0.830077
5.508000	0.830393	0.830393
5.510000	0.830077	0.830077
5.512000	0.828812	0.828812
5.514000	0.830077	0.830077
5.516000	0.830709	0.830709
5.518000	0.829761	0.829761
5.520000	0.831025	0.831025
5.522000	0.830709	0.830709
5.524000	0.830709	0.830709
5.526000	0.830709	0.830709
5.528000	0.828180	0.828180
5.530000	0.829761	0.829761
5.532000	0.831341	0.831341
5.534000	0.829444	0.829444
5.536000	0.829128	0.829128
5.538000	0.830709	0.830709
5.540000	0.829444	0.829444
5.542000	0.830393	0.830393
5.544000	0.829444	0.829444
5.546000	0.830077	0.830077
5.548000	0.830709	0.830709
5.550000	0.830077	0.830077
5.552000	0.830393	0.830393
5.554000	0.830077	0.830077
5.556000	0.831025	0.831025
5.558000	0.828180	0.828180
5.560000	0.831973	0.831973
5.562000	0.828180	0.828180
5.564000	0.829761	0.829761
5.566000	0.829761	0.829761
5.568000	0.828812	0.828812
5.570000	0.829761	0.829761
5.572000	0.830393	0.830393
5.574000	0.830393	0.830393
5.576000	0.829128	0.829128
5.578000	0.830709	0.830709
5.580000	0.831025	0.831025
5.582000	0.829761	0.829761
5.584000	0.829444	0.829444
5.586000	0.829444	0.829444
5.588000	0.830709	0.830709
5.590000	0.828496	0.828496
5.592000	0.828812	0.828812
5.594000	0.829128	0.829128
5.596000	0.829761	0.829761
5.598000	0.828496	0.828496
5.600000	0.831025	0.831025
5.602000	0.829128	0.829128
5.604000	0.829761	0.829761
5.606000	0.830393	0.830393
5.608000	0.830077	0.830077
5.610000	0.829128	0.829128
5.612000	0.831025	0.831025
5.614000	0.830393	0.830393
5.616000	0.831025	0.831025
5.618000	0.831025	0.831025
5.620000	0.830077	0.830077
5.622000	0.831025	0.831025
5.624000	0.830709	0.830709
5.626000	0.829444	0.829444
5.628000	0.830077	0.830077
5.630000	0.830393	0.830393
5.632000	0.830393	0.830393
5.634000	0.829761	0.829761
5.636000	0.830077	0.830077
5.638000	0.830077	0.830077
5.640000	0.830709	0.830709
5.642000	0.831025	0.831025
5.644000	0.830393	0.830393
5.646000	0.830077	0.830077
5.648000	0.831973	0.831973
5.650000	0.831341	0.831341
5.652000	0.831657	0.831657
5.654000	0.830077	0.830077
5.656000	0.829444	0.829444
5.658000	0.831341	0.831341
5.660000	0.831025	0.831025
5.662000	0.830077	0.830077
5.664000	0.829761	0.829761
5.666000	0.830393	0.830393
5.668000	0.829444	0.829444
5.670000	0.830077	0.830077
5.672000	0.829444	0.829444
5.674000	0.829128	0.829128
5.676000	0.830393	0.830393
5.678000	0.829761	0.829761
5.680000	0.830077	0.830077
5.682000	0.831025	0.831025
5.684000	0.830709	0.830709
5.686000	0.830393	0.830393
5.688000	0.830709	0.830709
5.690000	0.829761	0.829761
5.692000	0.829444	0.829444
5.694000	0.831025	0.831025
5.696000	0.828496	0.828496
5.698000	0.830077	0.830077
5.700000	0.828496	0.828496
5.702000	0.829128	0.829128
5.704000	0.829128	0.829128
5.706000	0.830077	0.830077
5.708000	0.829444	0.829444
5.710000	0.831341	0.831341
5.712000	0.830077	0.830077
5.714000	0.829761	0.829761
5.716000	0.831341	0.831341
5.718000	0.831657	0.831657
5.720000	0.830709	0.830709
5.722000	0.830077	0.830077
5.724000	0.830393	0.830393
5.726000	0.830709	0.830709
5.728000	0.830709	0.830709
5.730000	0.831025	0.831025
5.732000	0.829761	0.829761
5.734000	0.830709	0.830709
5.736000	0.829444	0.829444
5.738000	0.830709	0.830709
5.740000	0.829761	0.829761
5.742000	0.828812	0.828812
5.744000	0.829761	0.829761
5.746000	0.829128	0.829128
5.748000	0.830077	0.830077
5.750000	0.831025	0.831025
5.752000	0.829128	0.829128
5.754000	0.829444	0.829444
5.756000	0.830393	0.830393
5.758000	0.830709	0.830709
5.760000	0.830393	0.830393
5.762000	0.831341	0.831341
5.764000	0.828496	0.828496
5.766000	0.829444	0.829444
5.768000	0.829128	0.829128
5.770000	0.829444	0.829444
5.772000	0.829128	0.829128
5.774000	0.830709	0.830709
5.776000	0.830709	0.830709
5.778000	0.830709	0.830709
5.780000	0.831025	0.831025
5.782000	0.831025	0.831025
5.784000	0.830077	0.830077
5.786000	0.830077	0.830077
5.788000	0.830077	0.830077
5.790000	0.831025	0.831025
5.792000	0.829761	0.829761
5.794000	0.830709	0.830709
5.796000	0.831025	0.831025
5.798000	0.830709	0.830709
5.800000	0.831341	0.831341
5.802000	0.829444	0.829444
5.804000	0.829128	0.829128
5.806000	0.828812	0.828812
5.808000	0.829444	0.829444
5.810000	0.830077	0.830077
5.812000	0.830709	0.830709
5.814000	0.831973	0.831973
5.816000	0.830077	0.830077
5.818000	0.830393	0.830393
5.820000	0.830077	0.830077
5.822000	0.829444	0.829444
5.824000	0.831025	0.831025
5.826000	0.831025	0.831025
5.828000	0.829444	0.829444
5.830000	0.829444	0.829444
5.832000	0.829761	0.829761
5.834000	0.830709	0.830709
5.836000	0.830709	0.830709
5.838000	0.829444	0.829444
5.840000	0.830393	0.830393
5.842000	0.831657	0.831657
5.844000	0.830393	0.830393
5.846000	0.828812	0.828812
5.848000	0.829444	0.829444
5.850000	0.831341	0.831341
5.852000	0.830393	0.830393
5.854000	0.829761	0.829761
5.856000	0.831025	0.831025
5.858000	0.831973	0.831973
5.860000	0.829444	0.829444
5.862000	0.829761	0.829761
5.864000	0.829761	0.829761
5.866000	0.830393	0.830393
5.868000	0.829128	0.829128
5.870000	0.830709	0.830709
5.872000	0.831025	0.831025
5.874000	0.829761	0.829761
5.876000	0.829761	0.829761
5.878000	0.829444	0.829444
5.880000	0.829761	0.829761
5.882000	0.831657	0.831657
5.884000	0.831025	0.831025
5.886000	0.829444	0.829444
5.888000	0.831025	0.831025
5.890000	0.830077	0.830077
5.892000	0.830393	0.830393
5.894000	0.830077	0.830077
5.896000	0.831341	0.831341
5.898000	0.829128	0.829128
5.900000	0.830077	0.830077
5.902000	0.831025	0.831025
5.904000	0.830393	0.830393
5.906000	0.829444	0.829444
5.908000	0.830393	0.830393
5.910000	0.829444	0.829444
5.912000	0.830077	0.830077
5.914000	0.831341	0.831341
5.916000	0.831025	0.831025
5.918000	0.830709	0.830709
5.920000	0.829128	0.829128
5.922000	0.830709	0.830709
5.924000	0.829761	0.829761
5.926000	0.831341	0.831341
5.928000	0.828812	0.828812
5.930000	0.830077	0.830077
5.932000	0.830077	0.830077
5.934000	0.830393	0.830393
5.936000	0.830077	0.830077
5.938000	0.830709	0.830709
5.940000	0.830709	0.830709
5.942000	0.830393	0.830393
5.944000	0.830709	0.830709
5.946000	0.830393	0.830393
5.948000	0.828812	0.828812
5.950000	0.830393	0.830393
5.952000	0.830077	0.830077
5.954000	0.829761	0.829761
5.956000	0.831657	0.831657
5.958000	0.829128	0.829128
5.960000	0.829444	0.829444
5.962000	0.830077	0.830077
5.964000	0.829761	0.829761
5.966000	0.831657	0.831657
5.968000	0.831341	0.831341
5.970000	0.830393	0.830393
5.972000	0.830709	0.830709
5.974000	0.829444	0.829444
5.976000	0.829761	0.829761
5.978000	0.830709	0.830709
5.980000	0.830709	0.830709
5.982000	0.830709	0.830709
5.984000	0.829444	0.829444
5.986000	0.830077	0.830077
5.988000	0.830077	0.830077
5.990000	0.829761	0.829761
5.992000	0.831657	0.831657
5.994000	0.830709	0.830709
5.996000	0.830077	0.830077
5.998000	0.830709	0.830709
6.000000	0.831341	0.831341
6.002000	0.830077	0.830077
6.004000	0.829761	0.829761
6.006000	0.830709	0.830709
6.008000	0.830393	0.830393
6.010000	0.830393	0.830393
6.012000	0.830077	0.830077
6.014000	0.829444	0.829444
6.016000	0.830393	0.830393
6.018000	0.829761	0.829761
6.020000	0.828812	0.828812
6.022000	0.829761	0.829761
6.024000	0.829761	0.829761
6.026000	0.831025	0.831025
6.028000	0.830077	0.830077
6.030000	0.829444	0.829444
6.032000	0.830393	0.830393
6.034000	0.829761	0.829761
6.036000	0.829761	0.829761
6.038000	0.829444	0.829444
6.040000	0.831025	0.831025
6.042000	0.830077	0.830077
6.044000	0.831341	0.831341
6.046000	0.831025	0.831025
6.048000	0.830393	0.830393
6.050000	0.829444	0.829444
6.052000	0.830393	0.830393
6.054000	0.830393	0.830393
6.056000	0.831025	0.831025
6.058000	0.828812	0.828812
6.060000	0.829444	0.829444
6.062000	0.830393	0.830393
6.064000	0.830709	0.830709
6.066000	0.830393	0.830393
6.068000	0.829128	0.829128
6.070000	0.830709	0.830709
6.072000	0.829444	0.829444
6.074000	0.830077	0.830077
6.076000	0.829444	0.829444
6.078000	0.830077	0.830077
6.080000	0.829444	0.829444
6.082000	0.829444	0.829444
6.084000	0.830077	0.830077
6.086000	0.829128	0.829128
6.088000	0.830077	0.830077
6.090000	0.830393	0.830393
6.092000	0.830077	0.830077
6.094000	0.829444	0.829444
6.096000	0.831341	0.831341
6.098000	0.830709	0.830709
6.100000	0.829761	0.829761
6.102000	0.829761	0.829761
6.104000	0.830709	0.830709
6.106000	0.829444	0.829444
6.108000	0.831025	0.831025
6.110000	0.831657	0.831657
6.112000	0.830393	0.830393
6.114000	0.828812	0.828812
6.116000	0.830077	0.830077
6.118000	0.831973	0.831973
6.120000	0.830709	0.830709
6.122000	0.830709	0.830709
6.124000	0.830709	0.830709
6.126000	0.829444	0.829444
6.128000	0.829761	0.829761
6.130000	0.831341	0.831341
6.132000	0.830709	0.830709
6.134000	0.829444	0.829444
6.136000	0.830077	0.830077
6.138000	0.831657	0.831657
6.140000	0.831657	0.831657
6.142000	0.831025	0.831025
6.144000	0.830709	0.830709
6.146000	0.830077	0.830077
6.148000	0.829761	0.829761
6.150000	0.830077	0.830077
6.152000	0.831025	0.831025
6.154000	0.830709	0.830709
6.156000	0.831341	0.831341
6.158000	0.829444	0.829444
6.160000	0.830077	0.830077
6.162000	0.831657	0.831657
6.164000	0.829444	0.829444
6.166000	0.831341	0.831341
6.168000	0.831025	0.831025
6.170000	0.831657	0.831657
6.172000	0.831025	0.831025
6.174000	0.831341	0.831341
6.176000	0.830077	0.830077
6.178000	0.829761	0.829761
6.180000	0.830393	0.830393
6.182000	0.829444	0.829444
6.184000	0.830077	0.830077
6.186000	0.831341	0.831341
6.188000	0.830393	0.830393
6.190000	0.829761	0.829761
6.192000	0.829444	0.829444
6.194000	0.829444	0.829444
6.196000	0.830077	0.830077
6.198000	0.831341	0.831341
6.200000	0.829761	0.829761
6.202000	0.830393	0.830393
6.204000	0.830077	0.830077
6.206000	0.829444	0.829444
6.208000	0.830393	0.830393
6.210000	0.828180	0.828180
6.212000	0.829761	0.829761
6.214000	0.831025	0.831025
6.216000	0.830709	0.830709
6.218000	0.830709	0.830709
6.220000	0.829444	0.829444
6.222000	0.829444	0.829444
6.224000	0.830393	0.830393
6.226000	0.829444	0.829444
6.228000	0.830077	0.830077
6.230000	0.828180	0.828180
6.232000	0.830077	0.830077
6.234000	0.830709	0.830709
6.236000	0.830709	0.830709
6.238000	0.829444	0.829444
6.240000	0.829444	0.829444
6.242000	0.830709	0.830709
6.244000	0.830393	0.830393
6.246000	0.829761	0.829761
6.248000	0.828496	0.828496
6.250000	0.831025	0.831025
6.252000	0.830709	0.830709
6.254000	0.831341	0.831341
6.256000	0.829444	0.829444
6.258000	0.828812	0.828812
6.260000	0.830077	0.830077
6.262000	0.830393	0.830393
6.264000	0.830393	0.830393
6.266000	0.831025	0.831025
6.268000	0.829444	0.829444
6.270000	0.829444	0.829444
6.272000	0.829128	0.829128
6.274000	0.829761	0.829761
6.276000	0.830709	0.830709
6.278000	0.828812	0.828812
6.280000	0.831025	0.831025
6.282000	0.830709	0.830709
6.284000	0.829761	0.829761
6.286000	0.830077	0.830077
6.288000	0.830393	0.830393
6.290000	0.829761	0.829761
6.292000	0.831025	0.831025
6.294000	0.831025	0.831025
6.296000	0.829444	0.829444
6.298000	0.829444	0.829444
6.300000	0.831657	0.831657
6.302000	0.830393	0.830393
6.304000	0.830709	0.830709
6.306000	0.828496	0.828496
6.308000	0.830077	0.830077
6.310000	0.829761	0.829761
6.312000	0.828812	0.828812
6.314000	0.828812	0.828812
6.316000	0.829444	0.829444
6.318000	0.829444	0.829444
6.320000	0.829128	0.829128
6.322000	0.829444	0.829444
6.324000	0.828812	0.828812
6.326000	0.831341	0.831341
6.328000	0.830393	0.830393
6.330000	0.830393	0.830393
6.332000	0.830709	0.830709
6.334000	0.831657	0.831657
6.336000	0.830709	0.830709
6.338000	0.830709	0.830709
6.340000	0.830709	0.830709
6.342000	0.829444	0.829444
6.344000	0.830077	0.830077
6.346000	0.829444	0.829444
6.348000	0.831341	0.831341
6.350000	0.830077	0.830077
6.352000	0.828180	0.828180
6.354000	0.831025	0.831025
6.356000	0.829761	0.829761
6.358000	0.830077	0.830077
6.360000	0.829761	0.829761
6.362000	0.831657	0.831657
6.364000	0.830077	0.830077
6.366000	0.828812	0.828812
6.368000	0.830393	0.830393
6.370000	0.829761	0.829761
6.372000	0.830077	0.830077
6.374000	0.829444	0.829444
6.376000	0.829761	0.829761
6.378000	0.830393	0.830393
6.380000	0.831025	0.831025
6.382000	0.830077	0.830077
6.384000	0.829128	0.829128
6.386000	0.830077	0.830077
6.388000	0.828812	0.828812
6.390000	0.830709	0.830709
6.392000	0.829761	0.829761
6.394000	0.830077	0.830077
6.396000	0.830393	0.830393
6.398000	0.829128	0.829128
6.400000	0.829761	0.829761
6.402000	0.829761	0.829761
6.404000	0.830077	0.830077
6.406000	0.829128	0.829128
6.408000	0.831341	0.831341
6.410000	0.831025	0.831025
6.412000	0.829444	0.829444
6.414000	0.830077	0.830077
6.416000	0.830077	0.830077
6.418000	0.830709	0.830709
6.420000	0.828812	0.828812
6.422000	0.831025	0.831025
6.424000	0.831657	0.831657
6.426000	0.830709	0.830709
6.428000	0.830393	0.830393
6.430000	0.830077	0.830077
6.432000	0.830709	0.830709
6.434000	0.830709	0.830709
6.436000	0.831025	0.831025
6.438000	0.829128	0.829128
6.440000	0.830077	0.830077
6.442000	0.830709	0.830709
6.444000	0.830709	0.830709
6.446000	0.830077	0.830077
6.448000	0.830077	0.830077
6.450000	0.831025	0.831025
6.452000	0.830393	0.830393
6.454000	0.831341	0.831341
6.456000	0.830709	0.830709
6.458000	0.831025	0.831025
6.460000	0.832289	0.832289
6.462000	0.829444	0.829444
6.464000	0.831025	0.831025
6.466000	0.830077	0.830077
6.468000	0.829444	0.829444
6.470000	0.831025	0.831025
6.472000	0.829128	0.829128
6.474000	0.831341	0.831341
6.476000	0.830709	0.830709
6.478000	0.831025	0.831025
6.480000	0.829761	0.829761
6.482000	0.831657	0.831657
6.484000	0.829761	0.829761
6.486000	0.830709	0.830709
6.488000	0.830393	0.830393
6.490000	0.831657	0.831657
6.492000	0.831025	0.831025
6.494000	0.830393	0.830393
6.496000	0.831025	0.831025
6.498000	0.829444	0.829444
6.500000	0.828812	0.828812
6.502000	0.831341	0.831341
6.504000	0.830709	0.830709
6.506000	0.830077	0.830077
6.508000	0.830393	0.830393
6.510000	0.829444	0.829444
6.512000	0.829444	0.829444
6.514000	0.830393	0.830393
6.516000	0.829128	0.829128
6.518000	0.829761	0.829761
6.520000	0.830709	0.830709
6.522000	0.830709	0.830709
6.524000	0.829128	0.829128
6.526000	0.829128	0.829128
6.528000	0.830393	0.830393
6.530000	0.830393	0.830393
6.532000	0.829444	0.829444
6.534000	0.829444	0.829444
6.536000	0.829444	0.829444
6.538000	0.830709	0.830709
6.540000	0.830077	0.830077
6.542000	0.829444	0.829444
6.544000	0.831973	0.831973
6.546000	0.830393	0.830393
6.548000	0.830709	0.830709
6.550000	0.830709	0.830709
6.552000	0.829761	0.829761
6.554000	0.830709	0.830709
6.556000	0.828180	0.828180
6.558000	0.829444	0.829444
6.560000	0.830393	0.830393
6.562000	0.829444	0.829444
6.564000	0.830709	0.830709
6.566000	0.830077	0.830077
6.568000	0.830709	0.830709
6.570000	0.831657	0.831657
6.572000	0.830709	0.830709
6.574000	0.829761	0.829761
6.576000	0.829444	0.829444
6.578000	0.829761	0.829761
6.580000	0.829761	0.829761
6.582000	0.829761	0.829761
6.584000	0.829761	0.829761
6.586000	0.829128	0.829128
6.588000	0.830709	0.830709
6.590000	0.831025	0.831025
6.592000	0.831341	0.831341
6.594000	0.828496	0.828496
6.596000	0.830709	0.830709
6.598000	0.830077	0.830077
6.600000	0.829444	0.829444
6.602000	0.830709	0.830709
6.604000	0.830709	0.830709
6.606000	0.831341	0.831341
6.608000	0.829761	0.829761
6.610000	0.829761	0.829761
6.612000	0.829761	0.829761
6.614000	0.829444	0.829444
6.616000	0.828496	0.828496
6.618000	0.829444	0.829444
6.620000	0.830077	0.830077
6.622000	0.830077	0.830077
6.624000	0.829444	0.829444
6.626000	0.830709	0.830709
6.628000	0.830709	0.830709
6.630000	0.830077	0.830077
6.632000	0.831341	0.831341
6.634000	0.829444	0.829444
6.636000	0.830077	0.830077
6.638000	0.829128	0.829128
6.640000	0.830393	0.830393
6.642000	0.830709	0.830709
6.644000	0.829128	0.829128
6.646000	0.830393	0.830393
6.648000	0.831341	0.831341
6.650000	0.829128	0.829128
6.652000	0.830709	0.830709
6.654000	0.831657	0.831657
6.656000	0.830393	0.830393
6.658000	0.830077	0.830077
6.660000	0.830077	0.830077
6.662000	0.830077	0.830077
6.664000	0.829444	0.829444
6.666000	0.828180	0.828180
6.668000	0.830393	0.830393
6.670000	0.830077	0.830077
6.672000	0.830393	0.830393
6.674000	0.831341	0.831341
6.676000	0.830709	0.830709
6.678000	0.830077	0.830077
6.680000	0.828812	0.828812
6.682000	0.831025	0.831025
6.684000	0.831025	0.831025
6.686000	0.829128	0.829128
6.688000	0.829128	0.829128
6.690000	0.831341	0.831341
6.692000	0.830709	0.830709
6.694000	0.832289	0.832289
6.696000	0.830393	0.830393
6.698000	0.829444	0.829444
6.700000	0.829444	0.829444
6.702000	0.831973	0.831973
6.704000	0.830077	0.830077
6.706000	0.831025	0.831025
6.708000	0.829444	0.829444
6.710000	0.829761	0.829761
6.712000	0.829444	0.829444
6.714000	0.833237	0.833237
6.716000	0.830393	0.830393
6.718000	0.829444	0.829444
6.720000	0.830709	0.830709
6.722000	0.830709	0.830709
6.724000	0.829761	0.829761
6.726000	0.829128	0.829128
6.728000	0.829128	0.829128
6.730000	0.830393	0.830393
6.732000	0.828812	0.828812
6.734000	0.831025	0.831025
6.736000	0.830393	0.830393
6.738000	0.829128	0.829128
6.740000	0.830077	0.830077
6.742000	0.831025	0.831025
6.744000	0.829444	0.829444
6.746000	0.830077	0.830077
6.748000	0.828812	0.828812
6.750000	0.830393	0.830393
6.752000	0.830393	0.830393
6.754000	0.831657	0.831657
6.756000	0.829444	0.829444
6.758000	0.830709	0.830709
6.760000	0.830393	0.830393
6.762000	0.828812	0.828812
6.764000	0.830709	0.830709
6.766000	0.830709	0.830709
6.768000	0.830393	0.830393
6.770000	0.831973	0.831973
6.772000	0.830709	0.830709
6.774000	0.829761	0.829761
6.776000	0.829761	0.829761
6.778000	0.829444	0.829444
6.780000	0.829444	0.829444
6.782000	0.831025	0.831025
6.784000	0.828496	0.828496
6.786000	0.830077	0.830077
6.788000	0.828812	0.828812
6.790000	0.831025	0.831025
6.792000	0.830709	0.830709
6.794000	0.831025	0.831025
6.796000	0.829444	0.829444
6.798000	0.830393	0.830393
6.800000	0.829761	0.829761
6.802000	0.829761	0.829761
6.804000	0.828812	0.828812
6.806000	0.828812	0.828812
6.808000	0.829444	0.829444
6.810000	0.831025	0.831025
6.812000	0.829761	0.829761
6.814000	0.829128	0.829128
6.816000	0.831025	0.831025
6.818000	0.832605	0.832605
6.820000	0.830393	0.830393
6.822000	0.830077	0.830077
6.824000	0.828496	0.828496
6.826000	0.830709	0.830709
6.828000	0.831025	0.831025
6.830000	0.829128	0.829128
6.832000	0.831973	0.831973
6.834000	0.830709	0.830709
6.836000	0.830709	0.830709
6.838000	0.828180	0.828180
6.840000	0.830077	0.830077
6.842000	0.830709	0.830709
6.844000	0.830709	0.830709
6.846000	0.830709	0.830709
6.848000	0.828812	0.828812
6.850000	0.831025	0.831025
6.852000	0.829444	0.829444
6.854000	0.829444	0.829444
6.856000	0.829128	0.829128
6.858000	0.829128	0.829128
6.860000	0.828812	0.828812
6.862000	0.830709	0.830709
6.864000	0.828812	0.828812
6.866000	0.830709	0.830709
6.868000	0.830709	0.830709
6.870000	0.830077	0.830077
6.872000	0.829444	0.829444
6.874000	0.830077	0.830077
6.876000	0.829444	0.829444
6.878000	0.830393	0.830393
6.880000	0.830709	0.830709
6.882000	0.829761	0.829761
6.884000	0.831341	0.831341
6.886000	0.829444	0.829444
6.888000	0.830393	0.830393
6.890000	0.830709	0.830709
6.892000	0.829444	0.829444
6.894000	0.830709	0.830709
6.896000	0.831025	0.831025
6.898000	0.829444	0.829444
6.900000	0.829444	0.829444
6.902000	0.829761	0.829761
6.904000	0.830393	0.830393
6.906000	0.829761	0.829761
6.908000	0.830393	0.830393
6.910000	0.829128	0.829128
6.912000	0.830709	0.830709
6.914000	0.829761	0.829761
6.916000	0.829444	0.829444
6.918000	0.831025	0.831025
6.920000	0.830709	0.830709
6.922000	0.831973	0.831973
6.924000	0.830393	0.830393
6.926000	0.831657	0.831657
6.928000	0.831025	0.831025
6.930000	0.831341	0.831341
6.932000	0.830709	0.830709
6.934000	0.829444	0.829444
6.936000	0.830709	0.830709
6.938000	0.830709	0.830709
6.940000	0.830709	0.830709
6.942000	0.830077	0.830077
6.944000	0.831025	0.831025
6.946000	0.831025	0.831025
6.948000	0.829128	0.829128
6.950000	0.831973	0.831973
6.952000	0.831025	0.831025
6.954000	0.829444	0.829444
6.956000	0.830077	0.830077
6.958000	0.830393	0.830393
6.960000	0.830709	0.830709
6.962000	0.829444	0.829444
6.964000	0.831657	0.831657
6.966000	0.830077	0.830077
6.968000	0.829444	0.829444
6.970000	0.830709	0.830709
6.972000	0.830077	0.830077
6.974000	0.830077	0.830077
6.976000	0.830077	0.830077
6.978000	0.831657	0.831657
6.980000	0.829444	0.829444
6.982000	0.831025	0.831025
6.984000	0.831973	0.831973
6.986000	0.830709	0.830709
6.988000	0.831341	0.831341
6.990000	0.830393	0.830393
6.992000	0.830077	0.830077
6.994000	0.828180	0.828180
6.996000	0.829761	0.829761
6.998000	0.830709	0.830709
