11/3/2016
11:09:21 AM

0, CH+=0, CH-=199, Range=+/-10, y=a


Time	v0	y0
0.000000	0.781719	0.781719
0.002000	0.781719	0.781719
0.004000	0.781086	0.781086
0.006000	0.780770	0.780770
0.008000	0.781719	0.781719
0.010000	0.779822	0.779822
0.012000	0.780770	0.780770
0.014000	0.778874	0.778874
0.016000	0.778242	0.778242
0.018000	0.779822	0.779822
0.020000	0.780454	0.780454
0.022000	0.780770	0.780770
0.024000	0.780770	0.780770
0.026000	0.780770	0.780770
0.028000	0.779822	0.779822
0.030000	0.780138	0.780138
0.032000	0.780138	0.780138
0.034000	0.780770	0.780770
0.036000	0.779506	0.779506
0.038000	0.779506	0.779506
0.040000	0.780454	0.780454
0.042000	0.781086	0.781086
0.044000	0.779506	0.779506
0.046000	0.780454	0.780454
0.048000	0.779822	0.779822
0.050000	0.781086	0.781086
0.052000	0.782351	0.782351
0.054000	0.781402	0.781402
0.056000	0.779506	0.779506
0.058000	0.781402	0.781402
0.060000	0.780770	0.780770
0.062000	0.780138	0.780138
0.064000	0.780454	0.780454
0.066000	0.782035	0.782035
0.068000	0.781086	0.781086
0.070000	0.780770	0.780770
0.072000	0.781086	0.781086
0.074000	0.780770	0.780770
0.076000	0.779506	0.779506
0.078000	0.780454	0.780454
0.080000	0.780454	0.780454
0.082000	0.779822	0.779822
0.084000	0.780138	0.780138
0.086000	0.781402	0.781402
0.088000	0.779506	0.779506
0.090000	0.780770	0.780770
0.092000	0.779822	0.779822
0.094000	0.780138	0.780138
0.096000	0.782035	0.782035
0.098000	0.779822	0.779822
0.100000	0.781402	0.781402
0.102000	0.779190	0.779190
0.104000	0.782035	0.782035
0.106000	0.780770	0.780770
0.108000	0.781719	0.781719
0.110000	0.781086	0.781086
0.112000	0.780770	0.780770
0.114000	0.778874	0.778874
0.116000	0.780770	0.780770
0.118000	0.780138	0.780138
0.120000	0.779190	0.779190
0.122000	0.780770	0.780770
0.124000	0.780770	0.780770
0.126000	0.781402	0.781402
0.128000	0.779822	0.779822
0.130000	0.779190	0.779190
0.132000	0.780138	0.780138
0.134000	0.781086	0.781086
0.136000	0.780770	0.780770
0.138000	0.781402	0.781402
0.140000	0.780770	0.780770
0.142000	0.781402	0.781402
0.144000	0.780138	0.780138
0.146000	0.782035	0.782035
0.148000	0.781402	0.781402
0.150000	0.780770	0.780770
0.152000	0.781402	0.781402
0.154000	0.780770	0.780770
0.156000	0.780770	0.780770
0.158000	0.781086	0.781086
0.160000	0.781402	0.781402
0.162000	0.781086	0.781086
0.164000	0.779822	0.779822
0.166000	0.782035	0.782035
0.168000	0.780454	0.780454
0.170000	0.781086	0.781086
0.172000	0.781402	0.781402
0.174000	0.780138	0.780138
0.176000	0.779822	0.779822
0.178000	0.779822	0.779822
0.180000	0.779822	0.779822
0.182000	0.779190	0.779190
0.184000	0.780138	0.780138
0.186000	0.780138	0.780138
0.188000	0.780454	0.780454
0.190000	0.781402	0.781402
0.192000	0.781719	0.781719
0.194000	0.779190	0.779190
0.196000	0.780138	0.780138
0.198000	0.780138	0.780138
0.200000	0.780138	0.780138
0.202000	0.779190	0.779190
0.204000	0.779190	0.779190
0.206000	0.779506	0.779506
0.208000	0.778242	0.778242
0.210000	0.780770	0.780770
0.212000	0.781719	0.781719
0.214000	0.779190	0.779190
0.216000	0.782667	0.782667
0.218000	0.781402	0.781402
0.220000	0.780138	0.780138
0.222000	0.780770	0.780770
0.224000	0.780138	0.780138
0.226000	0.780138	0.780138
0.228000	0.780454	0.780454
0.230000	0.782035	0.782035
0.232000	0.781086	0.781086
0.234000	0.781402	0.781402
0.236000	0.780770	0.780770
0.238000	0.780770	0.780770
0.240000	0.781086	0.781086
0.242000	0.780770	0.780770
0.244000	0.780770	0.780770
0.246000	0.779506	0.779506
0.248000	0.780770	0.780770
0.250000	0.779822	0.779822
0.252000	0.780454	0.780454
0.254000	0.780770	0.780770
0.256000	0.781086	0.781086
0.258000	0.780454	0.780454
0.260000	0.780138	0.780138
0.262000	0.781086	0.781086
0.264000	0.780770	0.780770
0.266000	0.778874	0.778874
0.268000	0.781719	0.781719
0.270000	0.780454	0.780454
0.272000	0.780138	0.780138
0.274000	0.781402	0.781402
0.276000	0.780138	0.780138
0.278000	0.781086	0.781086
0.280000	0.782035	0.782035
0.282000	0.780138	0.780138
0.284000	0.781086	0.781086
0.286000	0.781402	0.781402
0.288000	0.780454	0.780454
0.290000	0.780770	0.780770
0.292000	0.780770	0.780770
0.294000	0.780770	0.780770
0.296000	0.781402	0.781402
0.298000	0.781086	0.781086
0.300000	0.779506	0.779506
0.302000	0.778874	0.778874
0.304000	0.780454	0.780454
0.306000	0.779822	0.779822
0.308000	0.780454	0.780454
0.310000	0.779822	0.779822
0.312000	0.780454	0.780454
0.314000	0.779822	0.779822
0.316000	0.780770	0.780770
0.318000	0.781402	0.781402
0.320000	0.780138	0.780138
0.322000	0.781402	0.781402
0.324000	0.781086	0.781086
0.326000	0.782351	0.782351
0.328000	0.780138	0.780138
0.330000	0.782351	0.782351
0.332000	0.780454	0.780454
0.334000	0.780454	0.780454
0.336000	0.780454	0.780454
0.338000	0.780454	0.780454
0.340000	0.779822	0.779822
0.342000	0.782035	0.782035
0.344000	0.780770	0.780770
0.346000	0.778874	0.778874
0.348000	0.779822	0.779822
0.350000	0.779822	0.779822
0.352000	0.779506	0.779506
0.354000	0.781086	0.781086
0.356000	0.780770	0.780770
0.358000	0.779506	0.779506
0.360000	0.779822	0.779822
0.362000	0.780454	0.780454
0.364000	0.780770	0.780770
0.366000	0.780770	0.780770
0.368000	0.779190	0.779190
0.370000	0.780770	0.780770
0.372000	0.780454	0.780454
0.374000	0.778874	0.778874
0.376000	0.780770	0.780770
0.378000	0.779506	0.779506
0.380000	0.780770	0.780770
0.382000	0.781086	0.781086
0.384000	0.780138	0.780138
0.386000	0.781402	0.781402
0.388000	0.781402	0.781402
0.390000	0.779506	0.779506
0.392000	0.780770	0.780770
0.394000	0.780454	0.780454
0.396000	0.779506	0.779506
0.398000	0.781086	0.781086
0.400000	0.780454	0.780454
0.402000	0.780770	0.780770
0.404000	0.780454	0.780454
0.406000	0.780454	0.780454
0.408000	0.781086	0.781086
0.410000	0.781402	0.781402
0.412000	0.781402	0.781402
0.414000	0.781086	0.781086
0.416000	0.780770	0.780770
0.418000	0.781719	0.781719
0.420000	0.780138	0.780138
0.422000	0.780454	0.780454
0.424000	0.781402	0.781402
0.426000	0.779822	0.779822
0.428000	0.780138	0.780138
0.430000	0.781086	0.781086
0.432000	0.780770	0.780770
0.434000	0.780454	0.780454
0.436000	0.780454	0.780454
0.438000	0.779822	0.779822
0.440000	0.779822	0.779822
0.442000	0.781086	0.781086
0.444000	0.781086	0.781086
0.446000	0.782035	0.782035
0.448000	0.780138	0.780138
0.450000	0.781719	0.781719
0.452000	0.780454	0.780454
0.454000	0.780770	0.780770
0.456000	0.779822	0.779822
0.458000	0.781086	0.781086
0.460000	0.781402	0.781402
0.462000	0.780770	0.780770
0.464000	0.781719	0.781719
0.466000	0.779822	0.779822
0.468000	0.781402	0.781402
0.470000	0.780770	0.780770
0.472000	0.780138	0.780138
0.474000	0.779190	0.779190
0.476000	0.779506	0.779506
0.478000	0.781086	0.781086
0.480000	0.780138	0.780138
0.482000	0.778558	0.778558
0.484000	0.779506	0.779506
0.486000	0.778242	0.778242
0.488000	0.780770	0.780770
0.490000	0.781402	0.781402
0.492000	0.779822	0.779822
0.494000	0.781402	0.781402
0.496000	0.781086	0.781086
0.498000	0.780138	0.780138
0.500000	0.779822	0.779822
0.502000	0.780770	0.780770
0.504000	0.781719	0.781719
0.506000	0.781402	0.781402
0.508000	0.780138	0.780138
0.510000	0.781402	0.781402
0.512000	0.780770	0.780770
0.514000	0.781086	0.781086
0.516000	0.781402	0.781402
0.518000	0.779190	0.779190
0.520000	0.781402	0.781402
0.522000	0.780138	0.780138
0.524000	0.780454	0.780454
0.526000	0.780770	0.780770
0.528000	0.779506	0.779506
0.530000	0.778874	0.778874
0.532000	0.780770	0.780770
0.534000	0.780138	0.780138
0.536000	0.780454	0.780454
0.538000	0.780770	0.780770
0.540000	0.778874	0.778874
0.542000	0.779506	0.779506
0.544000	0.780454	0.780454
0.546000	0.780138	0.780138
0.548000	0.781086	0.781086
0.550000	0.780454	0.780454
0.552000	0.781086	0.781086
0.554000	0.780138	0.780138
0.556000	0.779822	0.779822
0.558000	0.779506	0.779506
0.560000	0.782667	0.782667
0.562000	0.780770	0.780770
0.564000	0.780454	0.780454
0.566000	0.783299	0.783299
0.568000	0.779822	0.779822
0.570000	0.780138	0.780138
0.572000	0.781719	0.781719
0.574000	0.780138	0.780138
0.576000	0.780454	0.780454
0.578000	0.780770	0.780770
0.580000	0.781086	0.781086
0.582000	0.779822	0.779822
0.584000	0.780138	0.780138
0.586000	0.781086	0.781086
0.588000	0.780454	0.780454
0.590000	0.779506	0.779506
0.592000	0.781086	0.781086
0.594000	0.780770	0.780770
0.596000	0.779506	0.779506
0.598000	0.779822	0.779822
0.600000	0.780454	0.780454
0.602000	0.781402	0.781402
0.604000	0.780770	0.780770
0.606000	0.779822	0.779822
0.608000	0.781402	0.781402
0.610000	0.781402	0.781402
0.612000	0.780770	0.780770
0.614000	0.781719	0.781719
0.616000	0.781086	0.781086
0.618000	0.780138	0.780138
0.620000	0.780770	0.780770
0.622000	0.780454	0.780454
0.624000	0.781086	0.781086
0.626000	0.779190	0.779190
0.628000	0.780454	0.780454
0.630000	0.782667	0.782667
0.632000	0.781402	0.781402
0.634000	0.781402	0.781402
0.636000	0.780454	0.780454
0.638000	0.781086	0.781086
0.640000	0.780770	0.780770
0.642000	0.781402	0.781402
0.644000	0.780454	0.780454
0.646000	0.781086	0.781086
0.648000	0.779822	0.779822
0.650000	0.780138	0.780138
0.652000	0.780138	0.780138
0.654000	0.780138	0.780138
0.656000	0.781086	0.781086
0.658000	0.781402	0.781402
0.660000	0.779506	0.779506
0.662000	0.780138	0.780138
0.664000	0.779822	0.779822
0.666000	0.780770	0.780770
0.668000	0.781719	0.781719
0.670000	0.780138	0.780138
0.672000	0.780454	0.780454
0.674000	0.781086	0.781086
0.676000	0.781086	0.781086
0.678000	0.780454	0.780454
0.680000	0.780770	0.780770
0.682000	0.780770	0.780770
0.684000	0.779822	0.779822
0.686000	0.780138	0.780138
0.688000	0.781086	0.781086
0.690000	0.782351	0.782351
0.692000	0.780454	0.780454
0.694000	0.779822	0.779822
0.696000	0.779506	0.779506
0.698000	0.781086	0.781086
0.700000	0.781402	0.781402
0.702000	0.780138	0.780138
0.704000	0.779822	0.779822
0.706000	0.780454	0.780454
0.708000	0.778874	0.778874
0.710000	0.781086	0.781086
0.712000	0.780770	0.780770
0.714000	0.780138	0.780138
0.716000	0.780770	0.780770
0.718000	0.780138	0.780138
0.720000	0.780770	0.780770
0.722000	0.780454	0.780454
0.724000	0.781086	0.781086
0.726000	0.780454	0.780454
0.728000	0.780138	0.780138
0.730000	0.780454	0.780454
0.732000	0.781402	0.781402
0.734000	0.780454	0.780454
0.736000	0.780138	0.780138
0.738000	0.782667	0.782667
0.740000	0.780770	0.780770
0.742000	0.780138	0.780138
0.744000	0.780770	0.780770
0.746000	0.779822	0.779822
0.748000	0.780138	0.780138
0.750000	0.779822	0.779822
0.752000	0.780770	0.780770
0.754000	0.778874	0.778874
0.756000	0.781086	0.781086
0.758000	0.781086	0.781086
0.760000	0.779822	0.779822
0.762000	0.779190	0.779190
0.764000	0.780138	0.780138
0.766000	0.781402	0.781402
0.768000	0.779190	0.779190
0.770000	0.779506	0.779506
0.772000	0.779822	0.779822
0.774000	0.780770	0.780770
0.776000	0.781402	0.781402
0.778000	0.780454	0.780454
0.780000	0.779190	0.779190
0.782000	0.780138	0.780138
0.784000	0.779506	0.779506
0.786000	0.781402	0.781402
0.788000	0.781402	0.781402
0.790000	0.780138	0.780138
0.792000	0.781086	0.781086
0.794000	0.780770	0.780770
0.796000	0.780454	0.780454
0.798000	0.780138	0.780138
0.800000	0.781402	0.781402
0.802000	0.779822	0.779822
0.804000	0.779822	0.779822
0.806000	0.780138	0.780138
0.808000	0.779822	0.779822
0.810000	0.780138	0.780138
0.812000	0.778874	0.778874
0.814000	0.780454	0.780454
0.816000	0.781086	0.781086
0.818000	0.781086	0.781086
0.820000	0.781086	0.781086
0.822000	0.779506	0.779506
0.824000	0.780770	0.780770
0.826000	0.780454	0.780454
0.828000	0.780454	0.780454
0.830000	0.780770	0.780770
0.832000	0.780770	0.780770
0.834000	0.781719	0.781719
0.836000	0.781086	0.781086
0.838000	0.781086	0.781086
0.840000	0.781402	0.781402
0.842000	0.781402	0.781402
0.844000	0.780138	0.780138
0.846000	0.779822	0.779822
0.848000	0.780454	0.780454
0.850000	0.779822	0.779822
0.852000	0.778874	0.778874
0.854000	0.782351	0.782351
0.856000	0.781086	0.781086
0.858000	0.780454	0.780454
0.860000	0.781719	0.781719
0.862000	0.779190	0.779190
0.864000	0.779506	0.779506
0.866000	0.781086	0.781086
0.868000	0.780138	0.780138
0.870000	0.780454	0.780454
0.872000	0.780138	0.780138
0.874000	0.779506	0.779506
0.876000	0.779506	0.779506
0.878000	0.781719	0.781719
0.880000	0.778874	0.778874
0.882000	0.779822	0.779822
0.884000	0.782035	0.782035
0.886000	0.779506	0.779506
0.888000	0.781086	0.781086
0.890000	0.781086	0.781086
0.892000	0.780770	0.780770
0.894000	0.779822	0.779822
0.896000	0.779190	0.779190
0.898000	0.780138	0.780138
0.900000	0.779822	0.779822
0.902000	0.781719	0.781719
0.904000	0.781086	0.781086
0.906000	0.779822	0.779822
0.908000	0.780770	0.780770
0.910000	0.780138	0.780138
0.912000	0.779506	0.779506
0.914000	0.779822	0.779822
0.916000	0.778874	0.778874
0.918000	0.780138	0.780138
0.920000	0.780138	0.780138
0.922000	0.781719	0.781719
0.924000	0.780770	0.780770
0.926000	0.779822	0.779822
0.928000	0.779506	0.779506
0.930000	0.778242	0.778242
0.932000	0.779822	0.779822
0.934000	0.780770	0.780770
0.936000	0.779506	0.779506
0.938000	0.778874	0.778874
0.940000	0.781086	0.781086
0.942000	0.779506	0.779506
0.944000	0.779822	0.779822
0.946000	0.780454	0.780454
0.948000	0.778874	0.778874
0.950000	0.779506	0.779506
0.952000	0.780454	0.780454
0.954000	0.780138	0.780138
0.956000	0.781402	0.781402
0.958000	0.779822	0.779822
0.960000	0.781086	0.781086
0.962000	0.780770	0.780770
0.964000	0.783299	0.783299
0.966000	0.781086	0.781086
0.968000	0.780138	0.780138
0.970000	0.779822	0.779822
0.972000	0.781719	0.781719
0.974000	0.780454	0.780454
0.976000	0.781086	0.781086
0.978000	0.780770	0.780770
0.980000	0.780770	0.780770
0.982000	0.779506	0.779506
0.984000	0.779190	0.779190
0.986000	0.781086	0.781086
0.988000	0.781086	0.781086
0.990000	0.781402	0.781402
0.992000	0.780770	0.780770
0.994000	0.780770	0.780770
0.996000	0.781402	0.781402
0.998000	0.780454	0.780454
1.000000	0.780138	0.780138
1.002000	0.779506	0.779506
1.004000	0.781086	0.781086
1.006000	0.782035	0.782035
1.008000	0.780138	0.780138
1.010000	0.779190	0.779190
1.012000	0.780770	0.780770
1.014000	0.780770	0.780770
1.016000	0.781086	0.781086
1.018000	0.780138	0.780138
1.020000	0.781402	0.781402
1.022000	0.779822	0.779822
1.024000	0.780454	0.780454
1.026000	0.780454	0.780454
1.028000	0.781086	0.781086
1.030000	0.780454	0.780454
1.032000	0.779822	0.779822
1.034000	0.779506	0.779506
1.036000	0.780138	0.780138
1.038000	0.780454	0.780454
1.040000	0.780138	0.780138
1.042000	0.779822	0.779822
1.044000	0.781086	0.781086
1.046000	0.781086	0.781086
1.048000	0.780454	0.780454
1.050000	0.777926	0.777926
1.052000	0.780138	0.780138
1.054000	0.778558	0.778558
1.056000	0.781719	0.781719
1.058000	0.781402	0.781402
1.060000	0.781086	0.781086
1.062000	0.779506	0.779506
1.064000	0.780770	0.780770
1.066000	0.779506	0.779506
1.068000	0.780770	0.780770
1.070000	0.780770	0.780770
1.072000	0.779506	0.779506
1.074000	0.779822	0.779822
1.076000	0.780454	0.780454
1.078000	0.781402	0.781402
1.080000	0.779822	0.779822
1.082000	0.780770	0.780770
1.084000	0.780454	0.780454
1.086000	0.780138	0.780138
1.088000	0.781086	0.781086
1.090000	0.780138	0.780138
1.092000	0.779506	0.779506
1.094000	0.778874	0.778874
1.096000	0.780454	0.780454
1.098000	0.780138	0.780138
1.100000	0.781086	0.781086
1.102000	0.781719	0.781719
1.104000	0.781086	0.781086
1.106000	0.780454	0.780454
1.108000	0.780138	0.780138
1.110000	0.779506	0.779506
1.112000	0.780138	0.780138
1.114000	0.779822	0.779822
1.116000	0.781086	0.781086
1.118000	0.780770	0.780770
1.120000	0.780770	0.780770
1.122000	0.778558	0.778558
1.124000	0.782667	0.782667
1.126000	0.779822	0.779822
1.128000	0.780454	0.780454
1.130000	0.779506	0.779506
1.132000	0.781086	0.781086
1.134000	0.781086	0.781086
1.136000	0.782351	0.782351
1.138000	0.782035	0.782035
1.140000	0.778874	0.778874
1.142000	0.780454	0.780454
1.144000	0.780770	0.780770
1.146000	0.781086	0.781086
1.148000	0.780138	0.780138
1.150000	0.781402	0.781402
1.152000	0.779506	0.779506
1.154000	0.780138	0.780138
1.156000	0.780138	0.780138
1.158000	0.780138	0.780138
1.160000	0.780454	0.780454
1.162000	0.781086	0.781086
1.164000	0.780138	0.780138
1.166000	0.779190	0.779190
1.168000	0.782035	0.782035
1.170000	0.780138	0.780138
1.172000	0.780138	0.780138
1.174000	0.781719	0.781719
1.176000	0.780454	0.780454
1.178000	0.779190	0.779190
1.180000	0.779822	0.779822
1.182000	0.782035	0.782035
1.184000	0.780770	0.780770
1.186000	0.780138	0.780138
1.188000	0.781719	0.781719
1.190000	0.781086	0.781086
1.192000	0.780770	0.780770
1.194000	0.780138	0.780138
1.196000	0.781402	0.781402
1.198000	0.780770	0.780770
1.200000	0.780770	0.780770
1.202000	0.779822	0.779822
1.204000	0.780454	0.780454
1.206000	0.780138	0.780138
1.208000	0.780138	0.780138
1.210000	0.781086	0.781086
1.212000	0.781086	0.781086
1.214000	0.781086	0.781086
1.216000	0.780138	0.780138
1.218000	0.780770	0.780770
1.220000	0.780770	0.780770
1.222000	0.779190	0.779190
1.224000	0.782667	0.782667
1.226000	0.779822	0.779822
1.228000	0.781402	0.781402
1.230000	0.782667	0.782667
1.232000	0.781402	0.781402
1.234000	0.781086	0.781086
1.236000	0.780770	0.780770
1.238000	0.780138	0.780138
1.240000	0.780138	0.780138
1.242000	0.780770	0.780770
1.244000	0.779822	0.779822
1.246000	0.778874	0.778874
1.248000	0.779190	0.779190
1.250000	0.779190	0.779190
1.252000	0.779506	0.779506
1.254000	0.780138	0.780138
1.256000	0.779822	0.779822
1.258000	0.779822	0.779822
1.260000	0.781402	0.781402
1.262000	0.781402	0.781402
1.264000	0.781086	0.781086
1.266000	0.778874	0.778874
1.268000	0.780770	0.780770
1.270000	0.779190	0.779190
1.272000	0.778874	0.778874
1.274000	0.780138	0.780138
1.276000	0.781086	0.781086
1.278000	0.780138	0.780138
1.280000	0.780138	0.780138
1.282000	0.780138	0.780138
1.284000	0.780138	0.780138
1.286000	0.780138	0.780138
1.288000	0.781086	0.781086
1.290000	0.780770	0.780770
1.292000	0.779822	0.779822
1.294000	0.779506	0.779506
1.296000	0.781402	0.781402
1.298000	0.781402	0.781402
1.300000	0.780454	0.780454
1.302000	0.781086	0.781086
1.304000	0.781086	0.781086
1.306000	0.781402	0.781402
1.308000	0.781719	0.781719
1.310000	0.779506	0.779506
1.312000	0.781086	0.781086
1.314000	0.780138	0.780138
1.316000	0.779822	0.779822
1.318000	0.781402	0.781402
1.320000	0.781086	0.781086
1.322000	0.779506	0.779506
1.324000	0.781086	0.781086
1.326000	0.780454	0.780454
1.328000	0.781719	0.781719
1.330000	0.780138	0.780138
1.332000	0.781402	0.781402
1.334000	0.780454	0.780454
1.336000	0.779822	0.779822
1.338000	0.780454	0.780454
1.340000	0.778874	0.778874
1.342000	0.779506	0.779506
1.344000	0.779822	0.779822
1.346000	0.781719	0.781719
1.348000	0.780770	0.780770
1.350000	0.781719	0.781719
1.352000	0.780770	0.780770
1.354000	0.782035	0.782035
1.356000	0.780138	0.780138
1.358000	0.781402	0.781402
1.360000	0.781719	0.781719
1.362000	0.780138	0.780138
1.364000	0.780454	0.780454
1.366000	0.779190	0.779190
1.368000	0.780138	0.780138
1.370000	0.779822	0.779822
1.372000	0.779506	0.779506
1.374000	0.782667	0.782667
1.376000	0.782035	0.782035
1.378000	0.780770	0.780770
1.380000	0.779506	0.779506
1.382000	0.779822	0.779822
1.384000	0.780454	0.780454
1.386000	0.781086	0.781086
1.388000	0.780138	0.780138
1.390000	0.778558	0.778558
1.392000	0.780770	0.780770
1.394000	0.780454	0.780454
1.396000	0.781719	0.781719
1.398000	0.779822	0.779822
1.400000	0.782667	0.782667
1.402000	0.781402	0.781402
1.404000	0.780138	0.780138
1.406000	0.781086	0.781086
1.408000	0.781086	0.781086
1.410000	0.778874	0.778874
1.412000	0.781402	0.781402
1.414000	0.781402	0.781402
1.416000	0.780454	0.780454
1.418000	0.781402	0.781402
1.420000	0.778874	0.778874
1.422000	0.779822	0.779822
1.424000	0.781086	0.781086
1.426000	0.780138	0.780138
1.428000	0.781086	0.781086
1.430000	0.780454	0.780454
1.432000	0.781402	0.781402
1.434000	0.780138	0.780138
1.436000	0.779506	0.779506
1.438000	0.779190	0.779190
1.440000	0.780138	0.780138
1.442000	0.780138	0.780138
1.444000	0.781086	0.781086
1.446000	0.780138	0.780138
1.448000	0.779506	0.779506
1.450000	0.780770	0.780770
1.452000	0.780770	0.780770
1.454000	0.777610	0.777610
1.456000	0.781402	0.781402
1.458000	0.780138	0.780138
1.460000	0.781719	0.781719
1.462000	0.780138	0.780138
1.464000	0.780770	0.780770
1.466000	0.781402	0.781402
1.468000	0.780770	0.780770
1.470000	0.781402	0.781402
1.472000	0.781402	0.781402
1.474000	0.781086	0.781086
1.476000	0.779822	0.779822
1.478000	0.781719	0.781719
1.480000	0.781402	0.781402
1.482000	0.781719	0.781719
1.484000	0.779822	0.779822
1.486000	0.780138	0.780138
1.488000	0.780138	0.780138
1.490000	0.779190	0.779190
1.492000	0.780770	0.780770
1.494000	0.781402	0.781402
1.496000	0.781402	0.781402
1.498000	0.780454	0.780454
1.500000	0.781086	0.781086
1.502000	0.779822	0.779822
1.504000	0.779822	0.779822
1.506000	0.779506	0.779506
1.508000	0.781086	0.781086
1.510000	0.781402	0.781402
1.512000	0.780454	0.780454
1.514000	0.781402	0.781402
1.516000	0.780454	0.780454
1.518000	0.781402	0.781402
1.520000	0.780770	0.780770
1.522000	0.780138	0.780138
1.524000	0.781402	0.781402
1.526000	0.781402	0.781402
1.528000	0.780454	0.780454
1.530000	0.781402	0.781402
1.532000	0.780770	0.780770
1.534000	0.780770	0.780770
1.536000	0.778874	0.778874
1.538000	0.780454	0.780454
1.540000	0.781402	0.781402
1.542000	0.779506	0.779506
1.544000	0.781086	0.781086
1.546000	0.780138	0.780138
1.548000	0.780770	0.780770
1.550000	0.780454	0.780454
1.552000	0.781086	0.781086
1.554000	0.779506	0.779506
1.556000	0.780770	0.780770
1.558000	0.781402	0.781402
1.560000	0.780454	0.780454
1.562000	0.780454	0.780454
1.564000	0.779506	0.779506
1.566000	0.781402	0.781402
1.568000	0.780454	0.780454
1.570000	0.780138	0.780138
1.572000	0.780454	0.780454
1.574000	0.779190	0.779190
1.576000	0.778874	0.778874
1.578000	0.780770	0.780770
1.580000	0.780770	0.780770
1.582000	0.780138	0.780138
1.584000	0.779190	0.779190
1.586000	0.780454	0.780454
1.588000	0.779822	0.779822
1.590000	0.780770	0.780770
1.592000	0.781086	0.781086
1.594000	0.780454	0.780454
1.596000	0.780454	0.780454
1.598000	0.781402	0.781402
1.600000	0.780138	0.780138
1.602000	0.780138	0.780138
1.604000	0.782035	0.782035
1.606000	0.780454	0.780454
1.608000	0.781402	0.781402
1.610000	0.778874	0.778874
1.612000	0.781402	0.781402
1.614000	0.779822	0.779822
1.616000	0.779506	0.779506
1.618000	0.779822	0.779822
1.620000	0.779506	0.779506
1.622000	0.779822	0.779822
1.624000	0.779506	0.779506
1.626000	0.782035	0.782035
1.628000	0.781086	0.781086
1.630000	0.780770	0.780770
1.632000	0.781402	0.781402
1.634000	0.778242	0.778242
1.636000	0.780138	0.780138
1.638000	0.779822	0.779822
1.640000	0.780138	0.780138
1.642000	0.781719	0.781719
1.644000	0.781402	0.781402
1.646000	0.780454	0.780454
1.648000	0.781402	0.781402
1.650000	0.782351	0.782351
1.652000	0.780454	0.780454
1.654000	0.780138	0.780138
1.656000	0.779190	0.779190
1.658000	0.780138	0.780138
1.660000	0.780770	0.780770
1.662000	0.781086	0.781086
1.664000	0.780454	0.780454
1.666000	0.781402	0.781402
1.668000	0.780770	0.780770
1.670000	0.780770	0.780770
1.672000	0.781086	0.781086
1.674000	0.779822	0.779822
1.676000	0.781086	0.781086
1.678000	0.781086	0.781086
1.680000	0.780454	0.780454
1.682000	0.781402	0.781402
1.684000	0.780454	0.780454
1.686000	0.781086	0.781086
1.688000	0.779506	0.779506
1.690000	0.781402	0.781402
1.692000	0.779822	0.779822
1.694000	0.780138	0.780138
1.696000	0.780138	0.780138
1.698000	0.780770	0.780770
1.700000	0.781086	0.781086
1.702000	0.779506	0.779506
1.704000	0.780454	0.780454
1.706000	0.781086	0.781086
1.708000	0.780454	0.780454
1.710000	0.780770	0.780770
1.712000	0.782035	0.782035
1.714000	0.779506	0.779506
1.716000	0.780138	0.780138
1.718000	0.780138	0.780138
1.720000	0.781402	0.781402
1.722000	0.781402	0.781402
1.724000	0.780770	0.780770
1.726000	0.781086	0.781086
1.728000	0.781719	0.781719
1.730000	0.780454	0.780454
1.732000	0.781402	0.781402
1.734000	0.782035	0.782035
1.736000	0.780770	0.780770
1.738000	0.779822	0.779822
1.740000	0.779822	0.779822
1.742000	0.781086	0.781086
1.744000	0.781086	0.781086
1.746000	0.779822	0.779822
1.748000	0.781402	0.781402
1.750000	0.780138	0.780138
1.752000	0.780770	0.780770
1.754000	0.780770	0.780770
1.756000	0.781402	0.781402
1.758000	0.781086	0.781086
1.760000	0.781086	0.781086
1.762000	0.780770	0.780770
1.764000	0.780138	0.780138
1.766000	0.780770	0.780770
1.768000	0.780454	0.780454
1.770000	0.779506	0.779506
1.772000	0.780454	0.780454
1.774000	0.780770	0.780770
1.776000	0.781719	0.781719
1.778000	0.781402	0.781402
1.780000	0.780770	0.780770
1.782000	0.780138	0.780138
1.784000	0.780138	0.780138
1.786000	0.781086	0.781086
1.788000	0.780770	0.780770
1.790000	0.779506	0.779506
1.792000	0.782035	0.782035
1.794000	0.781719	0.781719
1.796000	0.781086	0.781086
1.798000	0.779190	0.779190
1.800000	0.779506	0.779506
1.802000	0.781086	0.781086
1.804000	0.780138	0.780138
1.806000	0.779822	0.779822
1.808000	0.780770	0.780770
1.810000	0.779190	0.779190
1.812000	0.782035	0.782035
1.814000	0.779506	0.779506
1.816000	0.780454	0.780454
1.818000	0.779822	0.779822
1.820000	0.782035	0.782035
1.822000	0.780138	0.780138
1.824000	0.779822	0.779822
1.826000	0.780138	0.780138
1.828000	0.780770	0.780770
1.830000	0.780770	0.780770
1.832000	0.779506	0.779506
1.834000	0.780454	0.780454
1.836000	0.779822	0.779822
1.838000	0.780770	0.780770
1.840000	0.779822	0.779822
1.842000	0.779506	0.779506
1.844000	0.781402	0.781402
1.846000	0.781086	0.781086
1.848000	0.780454	0.780454
1.850000	0.779506	0.779506
1.852000	0.781719	0.781719
1.854000	0.778874	0.778874
1.856000	0.781402	0.781402
1.858000	0.780454	0.780454
1.860000	0.781086	0.781086
1.862000	0.780770	0.780770
1.864000	0.779822	0.779822
1.866000	0.780138	0.780138
1.868000	0.780770	0.780770
1.870000	0.780770	0.780770
1.872000	0.780138	0.780138
1.874000	0.780770	0.780770
1.876000	0.780770	0.780770
1.878000	0.780138	0.780138
1.880000	0.780138	0.780138
1.882000	0.780138	0.780138
1.884000	0.781402	0.781402
1.886000	0.780138	0.780138
1.888000	0.779506	0.779506
1.890000	0.780770	0.780770
1.892000	0.780138	0.780138
1.894000	0.782035	0.782035
1.896000	0.779190	0.779190
1.898000	0.779190	0.779190
1.900000	0.783615	0.783615
1.902000	0.780138	0.780138
1.904000	0.780138	0.780138
1.906000	0.780454	0.780454
1.908000	0.780770	0.780770
1.910000	0.782983	0.782983
1.912000	0.782035	0.782035
1.914000	0.779506	0.779506
1.916000	0.780770	0.780770
1.918000	0.782351	0.782351
1.920000	0.780454	0.780454
1.922000	0.781719	0.781719
1.924000	0.779190	0.779190
1.926000	0.781402	0.781402
1.928000	0.780138	0.780138
1.930000	0.780770	0.780770
1.932000	0.780138	0.780138
1.934000	0.780138	0.780138
1.936000	0.780454	0.780454
1.938000	0.778874	0.778874
1.940000	0.781402	0.781402
1.942000	0.780138	0.780138
1.944000	0.780770	0.780770
1.946000	0.781086	0.781086
1.948000	0.779190	0.779190
1.950000	0.780770	0.780770
1.952000	0.779506	0.779506
1.954000	0.779190	0.779190
1.956000	0.781402	0.781402
1.958000	0.781402	0.781402
1.960000	0.778874	0.778874
1.962000	0.779506	0.779506
1.964000	0.781086	0.781086
1.966000	0.780454	0.780454
1.968000	0.781719	0.781719
1.970000	0.780770	0.780770
1.972000	0.780454	0.780454
1.974000	0.778874	0.778874
1.976000	0.780454	0.780454
1.978000	0.779822	0.779822
1.980000	0.781402	0.781402
1.982000	0.781402	0.781402
1.984000	0.781086	0.781086
1.986000	0.780138	0.780138
1.988000	0.779822	0.779822
1.990000	0.779506	0.779506
1.992000	0.780454	0.780454
1.994000	0.780138	0.780138
1.996000	0.780454	0.780454
1.998000	0.780770	0.780770
2.000000	0.781086	0.781086
2.002000	0.781086	0.781086
2.004000	0.779822	0.779822
2.006000	0.778874	0.778874
2.008000	0.780138	0.780138
2.010000	0.780454	0.780454
2.012000	0.779506	0.779506
2.014000	0.780770	0.780770
2.016000	0.780138	0.780138
2.018000	0.782035	0.782035
2.020000	0.780138	0.780138
2.022000	0.780138	0.780138
2.024000	0.779506	0.779506
2.026000	0.781086	0.781086
2.028000	0.780454	0.780454
2.030000	0.780138	0.780138
2.032000	0.780138	0.780138
2.034000	0.779506	0.779506
2.036000	0.780770	0.780770
2.038000	0.780138	0.780138
2.040000	0.781402	0.781402
2.042000	0.780770	0.780770
2.044000	0.780770	0.780770
2.046000	0.781402	0.781402
2.048000	0.781719	0.781719
2.050000	0.781086	0.781086
2.052000	0.780770	0.780770
2.054000	0.780138	0.780138
2.056000	0.780138	0.780138
2.058000	0.779822	0.779822
2.060000	0.780138	0.780138
2.062000	0.781086	0.781086
2.064000	0.781086	0.781086
2.066000	0.781402	0.781402
2.068000	0.780770	0.780770
2.070000	0.780138	0.780138
2.072000	0.780454	0.780454
2.074000	0.781086	0.781086
2.076000	0.780454	0.780454
2.078000	0.781719	0.781719
2.080000	0.781086	0.781086
2.082000	0.778874	0.778874
2.084000	0.780454	0.780454
2.086000	0.780454	0.780454
2.088000	0.779822	0.779822
2.090000	0.781402	0.781402
2.092000	0.781402	0.781402
2.094000	0.781402	0.781402
2.096000	0.778874	0.778874
2.098000	0.778874	0.778874
2.100000	0.779190	0.779190
2.102000	0.778558	0.778558
2.104000	0.781719	0.781719
2.106000	0.781719	0.781719
2.108000	0.779822	0.779822
2.110000	0.780770	0.780770
2.112000	0.780454	0.780454
2.114000	0.780770	0.780770
2.116000	0.780770	0.780770
2.118000	0.778874	0.778874
2.120000	0.779822	0.779822
2.122000	0.779822	0.779822
2.124000	0.780454	0.780454
2.126000	0.780454	0.780454
2.128000	0.778874	0.778874
2.130000	0.779822	0.779822
2.132000	0.780138	0.780138
2.134000	0.779190	0.779190
2.136000	0.780454	0.780454
2.138000	0.780138	0.780138
2.140000	0.781402	0.781402
2.142000	0.780454	0.780454
2.144000	0.780770	0.780770
2.146000	0.781086	0.781086
2.148000	0.780138	0.780138
2.150000	0.781086	0.781086
2.152000	0.779506	0.779506
2.154000	0.780138	0.780138
2.156000	0.779822	0.779822
2.158000	0.781402	0.781402
2.160000	0.781402	0.781402
2.162000	0.779506	0.779506
2.164000	0.780454	0.780454
2.166000	0.780138	0.780138
2.168000	0.779822	0.779822
2.170000	0.782035	0.782035
2.172000	0.780138	0.780138
2.174000	0.779190	0.779190
2.176000	0.780770	0.780770
2.178000	0.781402	0.781402
2.180000	0.778242	0.778242
2.182000	0.779822	0.779822
2.184000	0.780454	0.780454
2.186000	0.781402	0.781402
2.188000	0.780138	0.780138
2.190000	0.780770	0.780770
2.192000	0.780770	0.780770
2.194000	0.781402	0.781402
2.196000	0.780454	0.780454
2.198000	0.781086	0.781086
2.200000	0.778874	0.778874
2.202000	0.779190	0.779190
2.204000	0.780454	0.780454
2.206000	0.781086	0.781086
2.208000	0.779822	0.779822
2.210000	0.781086	0.781086
2.212000	0.781719	0.781719
2.214000	0.781719	0.781719
2.216000	0.780770	0.780770
2.218000	0.778874	0.778874
2.220000	0.779506	0.779506
2.222000	0.778874	0.778874
2.224000	0.779506	0.779506
2.226000	0.781402	0.781402
2.228000	0.779822	0.779822
2.230000	0.780138	0.780138
2.232000	0.779506	0.779506
2.234000	0.781086	0.781086
2.236000	0.778874	0.778874
2.238000	0.781402	0.781402
2.240000	0.781086	0.781086
2.242000	0.780454	0.780454
2.244000	0.780770	0.780770
2.246000	0.780138	0.780138
2.248000	0.779822	0.779822
2.250000	0.782035	0.782035
2.252000	0.780454	0.780454
2.254000	0.780770	0.780770
2.256000	0.779506	0.779506
2.258000	0.782035	0.782035
2.260000	0.779822	0.779822
2.262000	0.779190	0.779190
2.264000	0.781402	0.781402
2.266000	0.780138	0.780138
2.268000	0.780454	0.780454
2.270000	0.778874	0.778874
2.272000	0.780454	0.780454
2.274000	0.779506	0.779506
2.276000	0.781086	0.781086
2.278000	0.782035	0.782035
2.280000	0.782983	0.782983
2.282000	0.780138	0.780138
2.284000	0.780770	0.780770
2.286000	0.781086	0.781086
2.288000	0.778874	0.778874
2.290000	0.780770	0.780770
2.292000	0.781719	0.781719
2.294000	0.780138	0.780138
2.296000	0.782035	0.782035
2.298000	0.780454	0.780454
2.300000	0.781086	0.781086
2.302000	0.781719	0.781719
2.304000	0.781402	0.781402
2.306000	0.780138	0.780138
2.308000	0.780770	0.780770
2.310000	0.780770	0.780770
2.312000	0.779506	0.779506
2.314000	0.779822	0.779822
2.316000	0.779822	0.779822
2.318000	0.783299	0.783299
2.320000	0.782351	0.782351
2.322000	0.780138	0.780138
2.324000	0.781719	0.781719
2.326000	0.780138	0.780138
2.328000	0.780770	0.780770
2.330000	0.781402	0.781402
2.332000	0.780138	0.780138
2.334000	0.779506	0.779506
2.336000	0.781719	0.781719
2.338000	0.778874	0.778874
2.340000	0.779822	0.779822
2.342000	0.780138	0.780138
2.344000	0.779506	0.779506
2.346000	0.780770	0.780770
2.348000	0.779190	0.779190
2.350000	0.780138	0.780138
2.352000	0.780454	0.780454
2.354000	0.781402	0.781402
2.356000	0.779822	0.779822
2.358000	0.781402	0.781402
2.360000	0.780454	0.780454
2.362000	0.780138	0.780138
2.364000	0.780138	0.780138
2.366000	0.780770	0.780770
2.368000	0.780770	0.780770
2.370000	0.780138	0.780138
2.372000	0.780138	0.780138
2.374000	0.778874	0.778874
2.376000	0.780138	0.780138
2.378000	0.779822	0.779822
2.380000	0.780138	0.780138
2.382000	0.780454	0.780454
2.384000	0.780454	0.780454
2.386000	0.780138	0.780138
2.388000	0.780770	0.780770
2.390000	0.780454	0.780454
2.392000	0.780770	0.780770
2.394000	0.780138	0.780138
2.396000	0.779822	0.779822
2.398000	0.779506	0.779506
2.400000	0.781402	0.781402
2.402000	0.780454	0.780454
2.404000	0.780454	0.780454
2.406000	0.778874	0.778874
2.408000	0.780454	0.780454
2.410000	0.780454	0.780454
2.412000	0.781402	0.781402
2.414000	0.780770	0.780770
2.416000	0.781402	0.781402
2.418000	0.781402	0.781402
2.420000	0.780138	0.780138
2.422000	0.780138	0.780138
2.424000	0.781402	0.781402
2.426000	0.780454	0.780454
2.428000	0.780138	0.780138
2.430000	0.781086	0.781086
2.432000	0.781402	0.781402
2.434000	0.780770	0.780770
2.436000	0.780454	0.780454
2.438000	0.780770	0.780770
2.440000	0.780770	0.780770
2.442000	0.781402	0.781402
2.444000	0.781086	0.781086
2.446000	0.780770	0.780770
2.448000	0.779506	0.779506
2.450000	0.778874	0.778874
2.452000	0.780138	0.780138
2.454000	0.779822	0.779822
2.456000	0.782667	0.782667
2.458000	0.780454	0.780454
2.460000	0.782035	0.782035
2.462000	0.779822	0.779822
2.464000	0.781402	0.781402
2.466000	0.781402	0.781402
2.468000	0.780138	0.780138
2.470000	0.780454	0.780454
2.472000	0.780138	0.780138
2.474000	0.780770	0.780770
2.476000	0.780138	0.780138
2.478000	0.779190	0.779190
2.480000	0.781086	0.781086
2.482000	0.780454	0.780454
2.484000	0.779822	0.779822
2.486000	0.780454	0.780454
2.488000	0.780770	0.780770
2.490000	0.779506	0.779506
2.492000	0.779506	0.779506
2.494000	0.781402	0.781402
2.496000	0.781086	0.781086
2.498000	0.782351	0.782351
2.500000	0.781719	0.781719
2.502000	0.780454	0.780454
2.504000	0.781086	0.781086
2.506000	0.780454	0.780454
2.508000	0.778242	0.778242
2.510000	0.780454	0.780454
2.512000	0.779822	0.779822
2.514000	0.780138	0.780138
2.516000	0.779822	0.779822
2.518000	0.779822	0.779822
2.520000	0.780454	0.780454
2.522000	0.781086	0.781086
2.524000	0.780454	0.780454
2.526000	0.781719	0.781719
2.528000	0.780138	0.780138
2.530000	0.778874	0.778874
2.532000	0.779822	0.779822
2.534000	0.781086	0.781086
2.536000	0.780138	0.780138
2.538000	0.780770	0.780770
2.540000	0.781402	0.781402
2.542000	0.781402	0.781402
2.544000	0.781719	0.781719
2.546000	0.781086	0.781086
2.548000	0.781402	0.781402
2.550000	0.779506	0.779506
2.552000	0.779506	0.779506
2.554000	0.779190	0.779190
2.556000	0.779190	0.779190
2.558000	0.779822	0.779822
2.560000	0.780138	0.780138
2.562000	0.779822	0.779822
2.564000	0.778874	0.778874
2.566000	0.780454	0.780454
2.568000	0.779190	0.779190
2.570000	0.780770	0.780770
2.572000	0.779506	0.779506
2.574000	0.779506	0.779506
2.576000	0.780138	0.780138
2.578000	0.781086	0.781086
2.580000	0.781402	0.781402
2.582000	0.779506	0.779506
2.584000	0.780138	0.780138
2.586000	0.780770	0.780770
2.588000	0.781086	0.781086
2.590000	0.780770	0.780770
2.592000	0.780138	0.780138
2.594000	0.782351	0.782351
2.596000	0.781402	0.781402
2.598000	0.780454	0.780454
2.600000	0.781719	0.781719
2.602000	0.781086	0.781086
2.604000	0.781086	0.781086
2.606000	0.780138	0.780138
2.608000	0.780454	0.780454
2.610000	0.781402	0.781402
2.612000	0.782035	0.782035
2.614000	0.780454	0.780454
2.616000	0.780770	0.780770
2.618000	0.780454	0.780454
2.620000	0.780138	0.780138
2.622000	0.781086	0.781086
2.624000	0.781402	0.781402
2.626000	0.781086	0.781086
2.628000	0.781086	0.781086
2.630000	0.780138	0.780138
2.632000	0.779822	0.779822
2.634000	0.780770	0.780770
2.636000	0.779506	0.779506
2.638000	0.779822	0.779822
2.640000	0.780454	0.780454
2.642000	0.780770	0.780770
2.644000	0.781086	0.781086
2.646000	0.780770	0.780770
2.648000	0.781402	0.781402
2.650000	0.780770	0.780770
2.652000	0.779506	0.779506
2.654000	0.781719	0.781719
2.656000	0.781402	0.781402
2.658000	0.780138	0.780138
2.660000	0.779822	0.779822
2.662000	0.779190	0.779190
2.664000	0.781402	0.781402
2.666000	0.780138	0.780138
2.668000	0.780454	0.780454
2.670000	0.780454	0.780454
2.672000	0.780138	0.780138
2.674000	0.781086	0.781086
2.676000	0.778874	0.778874
2.678000	0.780138	0.780138
2.680000	0.778558	0.778558
2.682000	0.779822	0.779822
2.684000	0.779822	0.779822
2.686000	0.780770	0.780770
2.688000	0.780454	0.780454
2.690000	0.782035	0.782035
2.692000	0.780454	0.780454
2.694000	0.780138	0.780138
2.696000	0.780770	0.780770
2.698000	0.780770	0.780770
2.700000	0.779190	0.779190
2.702000	0.780770	0.780770
2.704000	0.780138	0.780138
2.706000	0.780770	0.780770
2.708000	0.781086	0.781086
2.710000	0.780770	0.780770
2.712000	0.780454	0.780454
2.714000	0.781086	0.781086
2.716000	0.780454	0.780454
2.718000	0.781086	0.781086
2.720000	0.781402	0.781402
2.722000	0.780138	0.780138
2.724000	0.780770	0.780770
2.726000	0.778874	0.778874
2.728000	0.781402	0.781402
2.730000	0.780454	0.780454
2.732000	0.780138	0.780138
2.734000	0.780454	0.780454
2.736000	0.780138	0.780138
2.738000	0.780770	0.780770
2.740000	0.780138	0.780138
2.742000	0.779822	0.779822
2.744000	0.780454	0.780454
2.746000	0.780138	0.780138
2.748000	0.780138	0.780138
2.750000	0.781719	0.781719
2.752000	0.782035	0.782035
2.754000	0.781402	0.781402
2.756000	0.778874	0.778874
2.758000	0.781086	0.781086
2.760000	0.780770	0.780770
2.762000	0.780770	0.780770
2.764000	0.779506	0.779506
2.766000	0.781402	0.781402
2.768000	0.781086	0.781086
2.770000	0.781719	0.781719
2.772000	0.780138	0.780138
2.774000	0.780454	0.780454
2.776000	0.780138	0.780138
2.778000	0.780138	0.780138
2.780000	0.781402	0.781402
2.782000	0.780454	0.780454
2.784000	0.780770	0.780770
2.786000	0.780454	0.780454
2.788000	0.780770	0.780770
2.790000	0.780454	0.780454
2.792000	0.780138	0.780138
2.794000	0.780770	0.780770
2.796000	0.781402	0.781402
2.798000	0.780770	0.780770
2.800000	0.781402	0.781402
2.802000	0.781086	0.781086
2.804000	0.781086	0.781086
2.806000	0.780770	0.780770
2.808000	0.779190	0.779190
2.810000	0.780454	0.780454
2.812000	0.780770	0.780770
2.814000	0.780138	0.780138
2.816000	0.780454	0.780454
2.818000	0.782035	0.782035
2.820000	0.780454	0.780454
2.822000	0.782351	0.782351
2.824000	0.781086	0.781086
2.826000	0.780454	0.780454
2.828000	0.779822	0.779822
2.830000	0.781402	0.781402
2.832000	0.781402	0.781402
2.834000	0.781402	0.781402
2.836000	0.778874	0.778874
2.838000	0.781086	0.781086
2.840000	0.781086	0.781086
2.842000	0.779190	0.779190
2.844000	0.780138	0.780138
2.846000	0.780138	0.780138
2.848000	0.779822	0.779822
2.850000	0.781402	0.781402
2.852000	0.782035	0.782035
2.854000	0.780454	0.780454
2.856000	0.781086	0.781086
2.858000	0.780138	0.780138
2.860000	0.779822	0.779822
2.862000	0.778874	0.778874
2.864000	0.780138	0.780138
2.866000	0.779822	0.779822
2.868000	0.780138	0.780138
2.870000	0.778242	0.778242
2.872000	0.780770	0.780770
2.874000	0.780770	0.780770
2.876000	0.780138	0.780138
2.878000	0.781402	0.781402
2.880000	0.780138	0.780138
2.882000	0.781719	0.781719
2.884000	0.780138	0.780138
2.886000	0.780138	0.780138
2.888000	0.781402	0.781402
2.890000	0.780770	0.780770
2.892000	0.782035	0.782035
2.894000	0.782035	0.782035
2.896000	0.780454	0.780454
2.898000	0.781402	0.781402
2.900000	0.780770	0.780770
2.902000	0.779822	0.779822
2.904000	0.779822	0.779822
2.906000	0.779822	0.779822
2.908000	0.779190	0.779190
2.910000	0.780138	0.780138
2.912000	0.779822	0.779822
2.914000	0.780770	0.780770
2.916000	0.780138	0.780138
2.918000	0.780770	0.780770
2.920000	0.782035	0.782035
2.922000	0.780454	0.780454
2.924000	0.780770	0.780770
2.926000	0.780770	0.780770
2.928000	0.780138	0.780138
2.930000	0.780138	0.780138
2.932000	0.780138	0.780138
2.934000	0.779822	0.779822
2.936000	0.780770	0.780770
2.938000	0.782035	0.782035
2.940000	0.781086	0.781086
2.942000	0.780138	0.780138
2.944000	0.780454	0.780454
2.946000	0.780770	0.780770
2.948000	0.781402	0.781402
2.950000	0.780138	0.780138
2.952000	0.780138	0.780138
2.954000	0.781402	0.781402
2.956000	0.779822	0.779822
2.958000	0.780454	0.780454
2.960000	0.780454	0.780454
2.962000	0.782351	0.782351
2.964000	0.781086	0.781086
2.966000	0.780770	0.780770
2.968000	0.781402	0.781402
2.970000	0.780454	0.780454
2.972000	0.780454	0.780454
2.974000	0.780138	0.780138
2.976000	0.779506	0.779506
2.978000	0.781086	0.781086
2.980000	0.780770	0.780770
2.982000	0.779822	0.779822
2.984000	0.781402	0.781402
2.986000	0.780454	0.780454
2.988000	0.780138	0.780138
2.990000	0.782035	0.782035
2.992000	0.780770	0.780770
2.994000	0.780454	0.780454
2.996000	0.780454	0.780454
2.998000	0.780454	0.780454
3.000000	0.779506	0.779506
3.002000	0.782351	0.782351
3.004000	0.780138	0.780138
3.006000	0.780454	0.780454
3.008000	0.778874	0.778874
3.010000	0.779506	0.779506
3.012000	0.780454	0.780454
3.014000	0.780454	0.780454
3.016000	0.780138	0.780138
3.018000	0.779822	0.779822
3.020000	0.781086	0.781086
3.022000	0.779822	0.779822
3.024000	0.780454	0.780454
3.026000	0.781086	0.781086
3.028000	0.780454	0.780454
3.030000	0.781402	0.781402
3.032000	0.779506	0.779506
3.034000	0.780770	0.780770
3.036000	0.778874	0.778874
3.038000	0.780770	0.780770
3.040000	0.780454	0.780454
3.042000	0.781402	0.781402
3.044000	0.781719	0.781719
3.046000	0.779822	0.779822
3.048000	0.779822	0.779822
3.050000	0.779506	0.779506
3.052000	0.779822	0.779822
3.054000	0.779506	0.779506
3.056000	0.780454	0.780454
3.058000	0.781086	0.781086
3.060000	0.779190	0.779190
3.062000	0.779822	0.779822
3.064000	0.777926	0.777926
3.066000	0.780454	0.780454
3.068000	0.780138	0.780138
3.070000	0.780454	0.780454
3.072000	0.781719	0.781719
3.074000	0.778558	0.778558
3.076000	0.778874	0.778874
3.078000	0.780138	0.780138
3.080000	0.780770	0.780770
3.082000	0.782351	0.782351
3.084000	0.780138	0.780138
3.086000	0.780454	0.780454
3.088000	0.780454	0.780454
3.090000	0.780770	0.780770
3.092000	0.781402	0.781402
3.094000	0.781402	0.781402
3.096000	0.780138	0.780138
3.098000	0.778874	0.778874
3.100000	0.781719	0.781719
3.102000	0.780770	0.780770
3.104000	0.779190	0.779190
3.106000	0.780454	0.780454
3.108000	0.780454	0.780454
3.110000	0.780454	0.780454
3.112000	0.779506	0.779506
3.114000	0.780454	0.780454
3.116000	0.780770	0.780770
3.118000	0.779190	0.779190
3.120000	0.779190	0.779190
3.122000	0.780454	0.780454
3.124000	0.781402	0.781402
3.126000	0.779190	0.779190
3.128000	0.781086	0.781086
3.130000	0.780770	0.780770
3.132000	0.779190	0.779190
3.134000	0.781086	0.781086
3.136000	0.780138	0.780138
3.138000	0.780454	0.780454
3.140000	0.780770	0.780770
3.142000	0.778874	0.778874
3.144000	0.780770	0.780770
3.146000	0.781402	0.781402
3.148000	0.780770	0.780770
3.150000	0.781402	0.781402
3.152000	0.780138	0.780138
3.154000	0.780454	0.780454
3.156000	0.780138	0.780138
3.158000	0.780138	0.780138
3.160000	0.778874	0.778874
3.162000	0.779822	0.779822
3.164000	0.779506	0.779506
3.166000	0.780770	0.780770
3.168000	0.781402	0.781402
3.170000	0.780770	0.780770
3.172000	0.780138	0.780138
3.174000	0.798470	0.798470
3.176000	0.564265	0.564265
3.178000	0.380947	0.380947
3.180000	0.840823	0.840823
3.182000	0.887284	0.887284
3.184000	0.971674	0.971674
3.186000	0.632852	0.632852
3.188000	0.704915	0.704915
3.190000	0.900243	0.900243
3.192000	0.833237	0.833237
3.194000	0.708075	0.708075
3.196000	0.682790	0.682790
3.198000	0.873062	0.873062
3.200000	0.931218	0.931218
3.202000	0.949233	0.949233
3.204000	0.777610	0.777610
3.206000	0.697645	0.697645
3.208000	0.760858	0.760858
3.210000	0.857890	0.857890
3.212000	0.932482	0.932482
3.214000	0.804159	0.804159
3.216000	0.702386	0.702386
3.218000	0.749164	0.749164
3.220000	0.845564	0.845564
3.222000	0.914150	0.914150
3.224000	0.881911	0.881911
3.226000	0.791517	0.791517
3.228000	0.735889	0.735889
3.230000	0.783299	0.783299
3.232000	0.892342	0.892342
3.234000	0.896134	0.896134
3.236000	0.819962	0.819962
3.238000	0.766863	0.766863
3.240000	0.773185	0.773185
3.242000	0.811113	0.811113
3.244000	0.857890	0.857890
3.246000	0.857890	0.857890
3.248000	0.795309	0.795309
3.250000	0.767180	0.767180
3.252000	0.806688	0.806688
3.254000	0.849989	0.849989
3.256000	0.863896	0.863896
3.258000	0.837978	0.837978
3.260000	0.792149	0.792149
3.262000	0.779822	0.779822
3.264000	0.809216	0.809216
3.266000	0.849041	0.849041
3.268000	0.855678	0.855678
3.270000	0.821227	0.821227
3.272000	0.782035	0.782035
3.274000	0.786460	0.786460
3.276000	0.828180	0.828180
3.278000	0.861367	0.861367
3.280000	0.844932	0.844932
3.282000	0.802579	0.802579
3.284000	0.783615	0.783615
3.286000	0.809848	0.809848
3.288000	0.849041	0.849041
3.290000	0.854098	0.854098
3.292000	0.818382	0.818382
3.294000	0.786460	0.786460
3.296000	0.784879	0.784879
3.298000	0.818698	0.818698
3.300000	0.847460	0.847460
3.302000	0.839242	0.839242
3.304000	0.803527	0.803527
3.306000	0.788672	0.788672
3.308000	0.811113	0.811113
3.310000	0.844932	0.844932
3.312000	0.852201	0.852201
3.314000	0.823755	0.823755
3.316000	0.795941	0.795941
3.318000	0.798470	0.798470
3.320000	0.826600	0.826600
3.322000	0.846512	0.846512
3.324000	0.828812	0.828812
3.326000	0.798470	0.798470
3.328000	0.785827	0.785827
3.330000	0.805423	0.805423
3.332000	0.835134	0.835134
3.334000	0.844932	0.844932
3.336000	0.826916	0.826916
3.338000	0.801631	0.801631
3.340000	0.799734	0.799734
3.342000	0.826284	0.826284
3.344000	0.848724	0.848724
3.346000	0.838926	0.838926
3.348000	0.810481	0.810481
3.350000	0.795941	0.795941
3.352000	0.808268	0.808268
3.354000	0.806688	0.806688
3.356000	0.773501	0.773501
3.358000	0.693220	0.693220
3.360000	0.734625	0.734625
3.362000	0.897399	0.897399
3.364000	0.928689	0.928689
3.366000	0.838610	0.838610
3.368000	0.712500	0.712500
3.370000	0.740946	0.740946
3.372000	0.851885	0.851885
3.374000	0.898031	0.898031
3.376000	0.895502	0.895502
3.378000	0.761806	0.761806
3.380000	0.730200	0.730200
3.382000	0.815222	0.815222
3.384000	0.879383	0.879383
3.386000	0.883176	0.883176
3.388000	0.806056	0.806056
3.390000	0.745371	0.745371
3.392000	0.758330	0.758330
3.394000	0.824387	0.824387
3.396000	0.898979	0.898979
3.398000	0.843667	0.843667
3.400000	0.782351	0.782351
3.402000	0.776978	0.776978
3.404000	0.807636	0.807636
3.406000	0.853465	0.853465
3.408000	0.862947	0.862947
3.410000	0.820279	0.820279
3.412000	0.763703	0.763703
3.414000	0.749164	0.749164
3.416000	0.802263	0.802263
3.418000	0.815854	0.815854
3.420000	0.825336	0.825336
3.422000	0.841455	0.841455
3.424000	0.820911	0.820911
3.426000	0.789620	0.789620
3.428000	0.797206	0.797206
3.430000	0.824703	0.824703
3.432000	0.843983	0.843983
3.434000	0.834502	0.834502
3.436000	0.805740	0.805740
3.438000	0.802895	0.802895
3.440000	0.807004	0.807004
3.442000	0.828180	0.828180
3.444000	0.834818	0.834818
3.446000	0.811429	0.811429
3.448000	0.779190	0.779190
3.450000	0.784247	0.784247
3.452000	0.826284	0.826284
3.454000	0.850937	0.850937
3.456000	0.834502	0.834502
3.458000	0.798470	0.798470
3.460000	0.787724	0.787724
3.462000	0.812377	0.812377
3.464000	0.834818	0.834818
3.466000	0.815538	0.815538
3.468000	0.775713	0.775713
3.470000	0.771288	0.771288
3.472000	0.805740	0.805740
3.474000	0.846512	0.846512
3.476000	0.847460	0.847460
3.478000	0.810797	0.810797
3.480000	0.783931	0.783931
3.482000	0.794361	0.794361
3.484000	0.829444	0.829444
3.486000	0.852833	0.852833
3.488000	0.833553	0.833553
3.490000	0.796574	0.796574
3.492000	0.780770	0.780770
3.494000	0.801947	0.801947
3.496000	0.832921	0.832921
3.498000	0.838294	0.838294
3.500000	0.810797	0.810797
3.502000	0.787408	0.787408
3.504000	0.794045	0.794045
3.506000	0.821859	0.821859
3.508000	0.839559	0.839559
3.510000	0.824387	0.824387
3.512000	0.797522	0.797522
3.514000	0.792149	0.792149
3.516000	0.814589	0.814589
3.518000	0.837346	0.837346
3.520000	0.836398	0.836398
3.522000	0.811745	0.811745
3.524000	0.795625	0.795625
3.526000	0.802895	0.802895
3.528000	0.825020	0.825020
3.530000	0.832605	0.832605
3.532000	0.815222	0.815222
3.534000	0.795625	0.795625
3.536000	0.794045	0.794045
3.538000	0.813009	0.813009
3.540000	0.830077	0.830077
3.542000	0.824387	0.824387
3.544000	0.809532	0.809532
3.546000	0.801631	0.801631
3.548000	0.810481	0.810481
3.550000	0.825968	0.825968
3.552000	0.829444	0.829444
3.554000	0.814905	0.814905
3.556000	0.800366	0.800366
3.558000	0.803527	0.803527
3.560000	0.813325	0.813325
3.562000	0.822807	0.822807
3.564000	0.815538	0.815538
3.566000	0.800999	0.800999
3.568000	0.799102	0.799102
3.570000	0.811113	0.811113
3.572000	0.821543	0.821543
3.574000	0.822175	0.822175
3.576000	0.809532	0.809532
3.578000	0.804159	0.804159
3.580000	0.810797	0.810797
3.582000	0.821859	0.821859
3.584000	0.822491	0.822491
3.586000	0.813009	0.813009
3.588000	0.802895	0.802895
3.590000	0.804791	0.804791
3.592000	0.816486	0.816486
3.594000	0.819330	0.819330
3.596000	0.815222	0.815222
3.598000	0.806688	0.806688
3.600000	0.805423	0.805423
3.602000	0.812377	0.812377
3.604000	0.819962	0.819962
3.606000	0.819014	0.819014
3.608000	0.810797	0.810797
3.610000	0.805107	0.805107
3.612000	0.803211	0.803211
3.614000	0.805107	0.805107
3.616000	0.811113	0.811113
3.618000	0.816802	0.816802
3.620000	0.814589	0.814589
3.622000	0.813009	0.813009
3.624000	0.813325	0.813325
3.626000	0.815222	0.815222
3.628000	0.813957	0.813957
3.630000	0.809848	0.809848
3.632000	0.808900	0.808900
3.634000	0.813325	0.813325
3.636000	0.816802	0.816802
3.638000	0.813641	0.813641
3.640000	0.808584	0.808584
3.642000	0.810164	0.810164
3.644000	0.815222	0.815222
3.646000	0.817434	0.817434
3.648000	0.811113	0.811113
3.650000	0.807952	0.807952
3.652000	0.809848	0.809848
3.654000	0.810481	0.810481
3.656000	0.809848	0.809848
3.658000	0.813325	0.813325
3.660000	0.815854	0.815854
3.662000	0.814273	0.814273
3.664000	0.813957	0.813957
3.666000	0.813325	0.813325
3.668000	0.815222	0.815222
3.670000	0.813325	0.813325
3.672000	0.812061	0.812061
3.674000	0.811429	0.811429
3.676000	0.811745	0.811745
3.678000	0.812693	0.812693
3.680000	0.812377	0.812377
3.682000	0.811429	0.811429
3.684000	0.814273	0.814273
3.686000	0.813325	0.813325
3.688000	0.811745	0.811745
3.690000	0.812377	0.812377
3.692000	0.813009	0.813009
3.694000	0.810797	0.810797
3.696000	0.810164	0.810164
3.698000	0.811113	0.811113
3.700000	0.812377	0.812377
3.702000	0.812377	0.812377
3.704000	0.812377	0.812377
3.706000	0.811113	0.811113
3.708000	0.813641	0.813641
3.710000	0.812061	0.812061
3.712000	0.812693	0.812693
3.714000	0.813009	0.813009
3.716000	0.811745	0.811745
3.718000	0.809848	0.809848
3.720000	0.807952	0.807952
3.722000	0.811745	0.811745
3.724000	0.811745	0.811745
3.726000	0.814589	0.814589
3.728000	0.814273	0.814273
3.730000	0.813957	0.813957
3.732000	0.810797	0.810797
3.734000	0.813325	0.813325
3.736000	0.812693	0.812693
3.738000	0.813009	0.813009
3.740000	0.811745	0.811745
3.742000	0.810797	0.810797
3.744000	0.812693	0.812693
3.746000	0.812061	0.812061
3.748000	0.812377	0.812377
3.750000	0.811113	0.811113
3.752000	0.812377	0.812377
3.754000	0.811113	0.811113
3.756000	0.810481	0.810481
3.758000	0.811745	0.811745
3.760000	0.811429	0.811429
3.762000	0.810797	0.810797
3.764000	0.809848	0.809848
3.766000	0.811429	0.811429
3.768000	0.813325	0.813325
3.770000	0.812693	0.812693
3.772000	0.813325	0.813325
3.774000	0.813641	0.813641
3.776000	0.812377	0.812377
3.778000	0.812061	0.812061
3.780000	0.811745	0.811745
3.782000	0.813641	0.813641
3.784000	0.813641	0.813641
3.786000	0.811745	0.811745
3.788000	0.813325	0.813325
3.790000	0.813957	0.813957
3.792000	0.813009	0.813009
3.794000	0.812061	0.812061
3.796000	0.810481	0.810481
3.798000	0.811745	0.811745
3.800000	0.811429	0.811429
3.802000	0.808268	0.808268
3.804000	0.809532	0.809532
3.806000	0.810797	0.810797
3.808000	0.811745	0.811745
3.810000	0.812377	0.812377
3.812000	0.813641	0.813641
3.814000	0.812061	0.812061
3.816000	0.809848	0.809848
3.818000	0.809216	0.809216
3.820000	0.811429	0.811429
3.822000	0.814589	0.814589
3.824000	0.812061	0.812061
3.826000	0.811429	0.811429
3.828000	0.812061	0.812061
3.830000	0.812061	0.812061
3.832000	0.813957	0.813957
3.834000	0.812377	0.812377
3.836000	0.812061	0.812061
3.838000	0.811745	0.811745
3.840000	0.814273	0.814273
3.842000	0.813009	0.813009
3.844000	0.813009	0.813009
3.846000	0.812061	0.812061
3.848000	0.810797	0.810797
3.850000	0.812061	0.812061
3.852000	0.813009	0.813009
3.854000	0.812061	0.812061
3.856000	0.812377	0.812377
3.858000	0.811745	0.811745
3.860000	0.811745	0.811745
3.862000	0.811113	0.811113
3.864000	0.811745	0.811745
3.866000	0.811113	0.811113
3.868000	0.812693	0.812693
3.870000	0.812061	0.812061
3.872000	0.813009	0.813009
3.874000	0.812693	0.812693
3.876000	0.812061	0.812061
3.878000	0.813009	0.813009
3.880000	0.812693	0.812693
3.882000	0.811429	0.811429
3.884000	0.814589	0.814589
3.886000	0.813009	0.813009
3.888000	0.813009	0.813009
3.890000	0.813009	0.813009
3.892000	0.813009	0.813009
3.894000	0.813325	0.813325
3.896000	0.812377	0.812377
3.898000	0.813009	0.813009
3.900000	0.813325	0.813325
3.902000	0.812377	0.812377
3.904000	0.813957	0.813957
3.906000	0.811429	0.811429
3.908000	0.812377	0.812377
3.910000	0.811429	0.811429
3.912000	0.810481	0.810481
3.914000	0.813325	0.813325
3.916000	0.811113	0.811113
3.918000	0.810797	0.810797
3.920000	0.811745	0.811745
3.922000	0.812061	0.812061
3.924000	0.811113	0.811113
3.926000	0.811745	0.811745
3.928000	0.811745	0.811745
3.930000	0.811745	0.811745
3.932000	0.811745	0.811745
3.934000	0.811113	0.811113
3.936000	0.812061	0.812061
3.938000	0.811745	0.811745
3.940000	0.813009	0.813009
3.942000	0.812377	0.812377
3.944000	0.812377	0.812377
3.946000	0.811745	0.811745
3.948000	0.811113	0.811113
3.950000	0.810797	0.810797
3.952000	0.812377	0.812377
3.954000	0.812061	0.812061
3.956000	0.811745	0.811745
3.958000	0.813009	0.813009
3.960000	0.811745	0.811745
3.962000	0.810481	0.810481
3.964000	0.812061	0.812061
3.966000	0.812377	0.812377
3.968000	0.811745	0.811745
3.970000	0.812693	0.812693
3.972000	0.813641	0.813641
3.974000	0.812377	0.812377
3.976000	0.811745	0.811745
3.978000	0.811745	0.811745
3.980000	0.812693	0.812693
3.982000	0.811745	0.811745
3.984000	0.812061	0.812061
3.986000	0.811113	0.811113
3.988000	0.810797	0.810797
3.990000	0.812377	0.812377
3.992000	0.812377	0.812377
3.994000	0.811429	0.811429
3.996000	0.813325	0.813325
3.998000	0.812693	0.812693
4.000000	0.812061	0.812061
4.002000	0.812061	0.812061
4.004000	0.812061	0.812061
4.006000	0.811745	0.811745
4.008000	0.812377	0.812377
4.010000	0.811429	0.811429
4.012000	0.812693	0.812693
4.014000	0.813325	0.813325
4.016000	0.812377	0.812377
4.018000	0.811429	0.811429
4.020000	0.812377	0.812377
4.022000	0.812693	0.812693
4.024000	0.812693	0.812693
4.026000	0.810797	0.810797
4.028000	0.813641	0.813641
4.030000	0.812061	0.812061
4.032000	0.811429	0.811429
4.034000	0.813325	0.813325
4.036000	0.811113	0.811113
4.038000	0.811113	0.811113
4.040000	0.809216	0.809216
4.042000	0.811429	0.811429
4.044000	0.812377	0.812377
4.046000	0.812061	0.812061
4.048000	0.811745	0.811745
4.050000	0.812377	0.812377
4.052000	0.811745	0.811745
4.054000	0.813009	0.813009
4.056000	0.813009	0.813009
4.058000	0.811113	0.811113
4.060000	0.812693	0.812693
4.062000	0.812377	0.812377
4.064000	0.812693	0.812693
4.066000	0.811429	0.811429
4.068000	0.812693	0.812693
4.070000	0.813641	0.813641
4.072000	0.813957	0.813957
4.074000	0.811745	0.811745
4.076000	0.811745	0.811745
4.078000	0.811429	0.811429
4.080000	0.812693	0.812693
4.082000	0.811113	0.811113
4.084000	0.811745	0.811745
4.086000	0.810797	0.810797
4.088000	0.812061	0.812061
4.090000	0.812061	0.812061
4.092000	0.813009	0.813009
4.094000	0.811745	0.811745
4.096000	0.812061	0.812061
4.098000	0.812377	0.812377
4.100000	0.810481	0.810481
4.102000	0.811745	0.811745
4.104000	0.811429	0.811429
4.106000	0.813325	0.813325
4.108000	0.812377	0.812377
4.110000	0.812693	0.812693
4.112000	0.811745	0.811745
4.114000	0.812693	0.812693
4.116000	0.813641	0.813641
4.118000	0.812377	0.812377
4.120000	0.811745	0.811745
4.122000	0.811745	0.811745
4.124000	0.811745	0.811745
4.126000	0.809848	0.809848
4.128000	0.810797	0.810797
4.130000	0.813009	0.813009
4.132000	0.813325	0.813325
4.134000	0.811429	0.811429
4.136000	0.810797	0.810797
4.138000	0.812693	0.812693
4.140000	0.812061	0.812061
4.142000	0.813641	0.813641
4.144000	0.809848	0.809848
4.146000	0.812061	0.812061
4.148000	0.812061	0.812061
4.150000	0.811745	0.811745
4.152000	0.812693	0.812693
4.154000	0.812693	0.812693
4.156000	0.814273	0.814273
4.158000	0.811745	0.811745
4.160000	0.813325	0.813325
4.162000	0.813325	0.813325
4.164000	0.811745	0.811745
4.166000	0.812693	0.812693
4.168000	0.811745	0.811745
4.170000	0.812061	0.812061
4.172000	0.812377	0.812377
4.174000	0.811745	0.811745
4.176000	0.812061	0.812061
4.178000	0.813009	0.813009
4.180000	0.813009	0.813009
4.182000	0.812693	0.812693
4.184000	0.813009	0.813009
4.186000	0.813009	0.813009
4.188000	0.812061	0.812061
4.190000	0.812377	0.812377
4.192000	0.809848	0.809848
4.194000	0.813009	0.813009
4.196000	0.811745	0.811745
4.198000	0.810481	0.810481
4.200000	0.811745	0.811745
4.202000	0.813641	0.813641
4.204000	0.811429	0.811429
4.206000	0.812693	0.812693
4.208000	0.812377	0.812377
4.210000	0.811745	0.811745
4.212000	0.811745	0.811745
4.214000	0.812377	0.812377
4.216000	0.812693	0.812693
4.218000	0.812693	0.812693
4.220000	0.813009	0.813009
4.222000	0.811745	0.811745
4.224000	0.813009	0.813009
4.226000	0.813009	0.813009
4.228000	0.812061	0.812061
4.230000	0.810481	0.810481
4.232000	0.810797	0.810797
4.234000	0.811113	0.811113
4.236000	0.810481	0.810481
4.238000	0.811745	0.811745
4.240000	0.813325	0.813325
4.242000	0.812693	0.812693
4.244000	0.812377	0.812377
4.246000	0.812061	0.812061
4.248000	0.810481	0.810481
4.250000	0.811429	0.811429
4.252000	0.813009	0.813009
4.254000	0.811745	0.811745
4.256000	0.812061	0.812061
4.258000	0.811429	0.811429
4.260000	0.811429	0.811429
4.262000	0.811745	0.811745
4.264000	0.811745	0.811745
4.266000	0.812693	0.812693
4.268000	0.812693	0.812693
4.270000	0.812061	0.812061
4.272000	0.813009	0.813009
4.274000	0.812061	0.812061
4.276000	0.813009	0.813009
4.278000	0.812377	0.812377
4.280000	0.811745	0.811745
4.282000	0.810797	0.810797
4.284000	0.812061	0.812061
4.286000	0.811429	0.811429
4.288000	0.812377	0.812377
4.290000	0.812061	0.812061
4.292000	0.811745	0.811745
4.294000	0.812377	0.812377
4.296000	0.811745	0.811745
4.298000	0.810481	0.810481
4.300000	0.811429	0.811429
4.302000	0.811745	0.811745
4.304000	0.812693	0.812693
4.306000	0.813009	0.813009
4.308000	0.812061	0.812061
4.310000	0.812693	0.812693
4.312000	0.812693	0.812693
4.314000	0.813009	0.813009
4.316000	0.813325	0.813325
4.318000	0.810164	0.810164
4.320000	0.812693	0.812693
4.322000	0.811745	0.811745
4.324000	0.812377	0.812377
4.326000	0.812061	0.812061
4.328000	0.813641	0.813641
4.330000	0.811429	0.811429
4.332000	0.812377	0.812377
4.334000	0.811429	0.811429
4.336000	0.811429	0.811429
4.338000	0.812377	0.812377
4.340000	0.811745	0.811745
4.342000	0.811429	0.811429
4.344000	0.811429	0.811429
4.346000	0.813009	0.813009
4.348000	0.814273	0.814273
4.350000	0.812377	0.812377
4.352000	0.813325	0.813325
4.354000	0.811429	0.811429
4.356000	0.813009	0.813009
4.358000	0.811429	0.811429
4.360000	0.811429	0.811429
4.362000	0.811113	0.811113
4.364000	0.811745	0.811745
4.366000	0.810797	0.810797
4.368000	0.811745	0.811745
4.370000	0.812061	0.812061
4.372000	0.811429	0.811429
4.374000	0.813009	0.813009
4.376000	0.812377	0.812377
4.378000	0.813009	0.813009
4.380000	0.812061	0.812061
4.382000	0.811745	0.811745
4.384000	0.812377	0.812377
4.386000	0.813325	0.813325
4.388000	0.812061	0.812061
4.390000	0.812693	0.812693
4.392000	0.812377	0.812377
4.394000	0.812061	0.812061
4.396000	0.811429	0.811429
4.398000	0.812377	0.812377
4.400000	0.813325	0.813325
4.402000	0.812693	0.812693
4.404000	0.812061	0.812061
4.406000	0.810797	0.810797
4.408000	0.811745	0.811745
4.410000	0.811429	0.811429
4.412000	0.813325	0.813325
4.414000	0.811745	0.811745
4.416000	0.811429	0.811429
4.418000	0.811745	0.811745
4.420000	0.813009	0.813009
4.422000	0.811429	0.811429
4.424000	0.811745	0.811745
4.426000	0.812693	0.812693
4.428000	0.813009	0.813009
4.430000	0.813009	0.813009
4.432000	0.810797	0.810797
4.434000	0.811745	0.811745
4.436000	0.811745	0.811745
4.438000	0.810481	0.810481
4.440000	0.812693	0.812693
4.442000	0.811113	0.811113
4.444000	0.812061	0.812061
4.446000	0.812061	0.812061
4.448000	0.812693	0.812693
4.450000	0.812377	0.812377
4.452000	0.812377	0.812377
4.454000	0.812693	0.812693
4.456000	0.811429	0.811429
4.458000	0.812377	0.812377
4.460000	0.813009	0.813009
4.462000	0.813009	0.813009
4.464000	0.811113	0.811113
4.466000	0.812377	0.812377
4.468000	0.811113	0.811113
4.470000	0.812377	0.812377
4.472000	0.811429	0.811429
4.474000	0.810481	0.810481
4.476000	0.811745	0.811745
4.478000	0.812693	0.812693
4.480000	0.811745	0.811745
4.482000	0.811113	0.811113
4.484000	0.812377	0.812377
4.486000	0.813325	0.813325
4.488000	0.811745	0.811745
4.490000	0.813009	0.813009
4.492000	0.811429	0.811429
4.494000	0.813009	0.813009
4.496000	0.812377	0.812377
4.498000	0.811745	0.811745
4.500000	0.811745	0.811745
4.502000	0.812377	0.812377
4.504000	0.814273	0.814273
4.506000	0.812061	0.812061
4.508000	0.812377	0.812377
4.510000	0.813325	0.813325
4.512000	0.812061	0.812061
4.514000	0.813009	0.813009
4.516000	0.809848	0.809848
4.518000	0.811745	0.811745
4.520000	0.812377	0.812377
4.522000	0.812061	0.812061
4.524000	0.812061	0.812061
4.526000	0.811429	0.811429
4.528000	0.810481	0.810481
4.530000	0.810797	0.810797
4.532000	0.813957	0.813957
4.534000	0.812061	0.812061
4.536000	0.813009	0.813009
4.538000	0.812061	0.812061
4.540000	0.811429	0.811429
4.542000	0.813009	0.813009
4.544000	0.809532	0.809532
4.546000	0.812061	0.812061
4.548000	0.812377	0.812377
4.550000	0.811745	0.811745
4.552000	0.811745	0.811745
4.554000	0.812377	0.812377
4.556000	0.813325	0.813325
4.558000	0.810164	0.810164
4.560000	0.811429	0.811429
4.562000	0.811429	0.811429
4.564000	0.812377	0.812377
4.566000	0.812061	0.812061
4.568000	0.811745	0.811745
4.570000	0.812693	0.812693
4.572000	0.812061	0.812061
4.574000	0.813325	0.813325
4.576000	0.811745	0.811745
4.578000	0.813641	0.813641
4.580000	0.813009	0.813009
4.582000	0.811113	0.811113
4.584000	0.810797	0.810797
4.586000	0.812377	0.812377
4.588000	0.811113	0.811113
4.590000	0.811745	0.811745
4.592000	0.813325	0.813325
4.594000	0.813009	0.813009
4.596000	0.812061	0.812061
4.598000	0.812693	0.812693
4.600000	0.811745	0.811745
4.602000	0.812061	0.812061
4.604000	0.811745	0.811745
4.606000	0.812377	0.812377
4.608000	0.813325	0.813325
4.610000	0.813009	0.813009
4.612000	0.811745	0.811745
4.614000	0.813009	0.813009
4.616000	0.811429	0.811429
4.618000	0.812061	0.812061
4.620000	0.812377	0.812377
4.622000	0.812061	0.812061
4.624000	0.812693	0.812693
4.626000	0.813009	0.813009
4.628000	0.812377	0.812377
4.630000	0.808900	0.808900
4.632000	0.812377	0.812377
4.634000	0.812693	0.812693
4.636000	0.812061	0.812061
4.638000	0.811745	0.811745
4.640000	0.811113	0.811113
4.642000	0.810481	0.810481
4.644000	0.813009	0.813009
4.646000	0.812061	0.812061
4.648000	0.810481	0.810481
4.650000	0.811429	0.811429
4.652000	0.813325	0.813325
4.654000	0.811745	0.811745
4.656000	0.812061	0.812061
4.658000	0.811745	0.811745
4.660000	0.813641	0.813641
4.662000	0.811429	0.811429
4.664000	0.812061	0.812061
4.666000	0.811745	0.811745
4.668000	0.813009	0.813009
4.670000	0.811429	0.811429
4.672000	0.811745	0.811745
4.674000	0.810797	0.810797
4.676000	0.812377	0.812377
4.678000	0.812061	0.812061
4.680000	0.813009	0.813009
4.682000	0.813641	0.813641
4.684000	0.811745	0.811745
4.686000	0.811113	0.811113
4.688000	0.811429	0.811429
4.690000	0.811745	0.811745
4.692000	0.813009	0.813009
4.694000	0.811113	0.811113
4.696000	0.809848	0.809848
4.698000	0.813009	0.813009
4.700000	0.811745	0.811745
4.702000	0.812693	0.812693
4.704000	0.811429	0.811429
4.706000	0.813009	0.813009
4.708000	0.810481	0.810481
4.710000	0.811429	0.811429
4.712000	0.811745	0.811745
4.714000	0.811745	0.811745
4.716000	0.811745	0.811745
4.718000	0.811745	0.811745
4.720000	0.811745	0.811745
4.722000	0.812061	0.812061
4.724000	0.812377	0.812377
4.726000	0.810797	0.810797
4.728000	0.813325	0.813325
4.730000	0.812377	0.812377
4.732000	0.811429	0.811429
4.734000	0.812377	0.812377
4.736000	0.811429	0.811429
4.738000	0.812377	0.812377
4.740000	0.812377	0.812377
4.742000	0.812061	0.812061
4.744000	0.813325	0.813325
4.746000	0.811429	0.811429
4.748000	0.811429	0.811429
4.750000	0.811745	0.811745
4.752000	0.811429	0.811429
4.754000	0.812693	0.812693
4.756000	0.810164	0.810164
4.758000	0.811113	0.811113
4.760000	0.812377	0.812377
4.762000	0.812061	0.812061
4.764000	0.813009	0.813009
4.766000	0.811745	0.811745
4.768000	0.812377	0.812377
4.770000	0.811745	0.811745
4.772000	0.811745	0.811745
4.774000	0.813009	0.813009
4.776000	0.810797	0.810797
4.778000	0.811429	0.811429
4.780000	0.810481	0.810481
4.782000	0.812377	0.812377
4.784000	0.812061	0.812061
4.786000	0.813325	0.813325
4.788000	0.812061	0.812061
4.790000	0.812693	0.812693
4.792000	0.812693	0.812693
4.794000	0.811429	0.811429
4.796000	0.813009	0.813009
4.798000	0.812377	0.812377
4.800000	0.813325	0.813325
4.802000	0.813009	0.813009
4.804000	0.812693	0.812693
4.806000	0.813009	0.813009
4.808000	0.811745	0.811745
4.810000	0.812377	0.812377
4.812000	0.812061	0.812061
4.814000	0.811113	0.811113
4.816000	0.811429	0.811429
4.818000	0.811745	0.811745
4.820000	0.811745	0.811745
4.822000	0.810797	0.810797
4.824000	0.812377	0.812377
4.826000	0.811745	0.811745
4.828000	0.813641	0.813641
4.830000	0.810481	0.810481
4.832000	0.811745	0.811745
4.834000	0.810797	0.810797
4.836000	0.812377	0.812377
4.838000	0.813009	0.813009
4.840000	0.812693	0.812693
4.842000	0.811745	0.811745
4.844000	0.811113	0.811113
4.846000	0.813009	0.813009
4.848000	0.812377	0.812377
4.850000	0.811745	0.811745
4.852000	0.811429	0.811429
4.854000	0.812377	0.812377
4.856000	0.813325	0.813325
4.858000	0.811745	0.811745
4.860000	0.810797	0.810797
4.862000	0.812061	0.812061
4.864000	0.810797	0.810797
4.866000	0.811429	0.811429
4.868000	0.812377	0.812377
4.870000	0.811429	0.811429
4.872000	0.811429	0.811429
4.874000	0.811429	0.811429
4.876000	0.811429	0.811429
4.878000	0.812061	0.812061
4.880000	0.812377	0.812377
4.882000	0.811429	0.811429
4.884000	0.811745	0.811745
4.886000	0.811429	0.811429
4.888000	0.811745	0.811745
4.890000	0.812061	0.812061
4.892000	0.811745	0.811745
4.894000	0.810797	0.810797
4.896000	0.810797	0.810797
4.898000	0.813009	0.813009
4.900000	0.812693	0.812693
4.902000	0.811113	0.811113
4.904000	0.813009	0.813009
4.906000	0.811429	0.811429
4.908000	0.813009	0.813009
4.910000	0.812693	0.812693
4.912000	0.812377	0.812377
4.914000	0.811745	0.811745
4.916000	0.812061	0.812061
4.918000	0.811429	0.811429
4.920000	0.811113	0.811113
4.922000	0.811113	0.811113
4.924000	0.812693	0.812693
4.926000	0.811113	0.811113
4.928000	0.813009	0.813009
4.930000	0.812061	0.812061
4.932000	0.812693	0.812693
4.934000	0.812377	0.812377
4.936000	0.812693	0.812693
4.938000	0.812061	0.812061
4.940000	0.812693	0.812693
4.942000	0.812693	0.812693
4.944000	0.813641	0.813641
4.946000	0.813009	0.813009
4.948000	0.813009	0.813009
4.950000	0.810481	0.810481
4.952000	0.812061	0.812061
4.954000	0.812061	0.812061
4.956000	0.812377	0.812377
4.958000	0.813009	0.813009
4.960000	0.813009	0.813009
4.962000	0.811429	0.811429
4.964000	0.812377	0.812377
4.966000	0.812377	0.812377
4.968000	0.809848	0.809848
4.970000	0.813009	0.813009
4.972000	0.813009	0.813009
4.974000	0.811429	0.811429
4.976000	0.811113	0.811113
4.978000	0.812061	0.812061
4.980000	0.812377	0.812377
4.982000	0.812377	0.812377
4.984000	0.810797	0.810797
4.986000	0.811429	0.811429
4.988000	0.810797	0.810797
4.990000	0.813641	0.813641
4.992000	0.812377	0.812377
4.994000	0.811429	0.811429
4.996000	0.812693	0.812693
4.998000	0.811113	0.811113
5.000000	0.813641	0.813641
5.002000	0.812693	0.812693
5.004000	0.811113	0.811113
5.006000	0.812377	0.812377
5.008000	0.811429	0.811429
5.010000	0.811429	0.811429
5.012000	0.811745	0.811745
5.014000	0.812061	0.812061
5.016000	0.811429	0.811429
5.018000	0.811745	0.811745
5.020000	0.812377	0.812377
5.022000	0.812693	0.812693
5.024000	0.811745	0.811745
5.026000	0.812377	0.812377
5.028000	0.812377	0.812377
5.030000	0.812377	0.812377
5.032000	0.812377	0.812377
5.034000	0.810797	0.810797
5.036000	0.812693	0.812693
5.038000	0.810797	0.810797
5.040000	0.812061	0.812061
5.042000	0.811429	0.811429
5.044000	0.813009	0.813009
5.046000	0.813009	0.813009
5.048000	0.812377	0.812377
5.050000	0.811113	0.811113
5.052000	0.812061	0.812061
5.054000	0.811745	0.811745
5.056000	0.812377	0.812377
5.058000	0.812377	0.812377
5.060000	0.811113	0.811113
5.062000	0.810481	0.810481
5.064000	0.813641	0.813641
5.066000	0.813641	0.813641
5.068000	0.813009	0.813009
5.070000	0.813325	0.813325
5.072000	0.812377	0.812377
5.074000	0.811429	0.811429
5.076000	0.812693	0.812693
5.078000	0.813009	0.813009
5.080000	0.810481	0.810481
5.082000	0.811429	0.811429
5.084000	0.812693	0.812693
5.086000	0.813009	0.813009
5.088000	0.812693	0.812693
5.090000	0.812061	0.812061
5.092000	0.812693	0.812693
5.094000	0.813325	0.813325
5.096000	0.812377	0.812377
5.098000	0.813009	0.813009
5.100000	0.811429	0.811429
5.102000	0.811745	0.811745
5.104000	0.812061	0.812061
5.106000	0.810797	0.810797
5.108000	0.813009	0.813009
5.110000	0.813641	0.813641
5.112000	0.813641	0.813641
5.114000	0.812377	0.812377
5.116000	0.812693	0.812693
5.118000	0.811745	0.811745
5.120000	0.812061	0.812061
5.122000	0.814273	0.814273
5.124000	0.811113	0.811113
5.126000	0.812377	0.812377
5.128000	0.811113	0.811113
5.130000	0.812377	0.812377
5.132000	0.812061	0.812061
5.134000	0.812693	0.812693
5.136000	0.811745	0.811745
5.138000	0.813325	0.813325
5.140000	0.812377	0.812377
5.142000	0.813325	0.813325
5.144000	0.813325	0.813325
5.146000	0.812061	0.812061
5.148000	0.811429	0.811429
5.150000	0.811429	0.811429
5.152000	0.811745	0.811745
5.154000	0.812377	0.812377
5.156000	0.813009	0.813009
5.158000	0.812061	0.812061
5.160000	0.811113	0.811113
5.162000	0.811745	0.811745
5.164000	0.811745	0.811745
5.166000	0.813009	0.813009
5.168000	0.811113	0.811113
5.170000	0.812061	0.812061
5.172000	0.810481	0.810481
5.174000	0.811429	0.811429
5.176000	0.811745	0.811745
5.178000	0.812377	0.812377
5.180000	0.810481	0.810481
5.182000	0.813009	0.813009
5.184000	0.811113	0.811113
5.186000	0.812693	0.812693
5.188000	0.810481	0.810481
5.190000	0.811745	0.811745
5.192000	0.811113	0.811113
5.194000	0.810481	0.810481
5.196000	0.812377	0.812377
5.198000	0.812377	0.812377
5.200000	0.810481	0.810481
5.202000	0.812693	0.812693
5.204000	0.812693	0.812693
5.206000	0.812377	0.812377
5.208000	0.812377	0.812377
5.210000	0.812377	0.812377
5.212000	0.810797	0.810797
5.214000	0.811745	0.811745
5.216000	0.812377	0.812377
5.218000	0.812061	0.812061
5.220000	0.812377	0.812377
5.222000	0.811429	0.811429
5.224000	0.812693	0.812693
5.226000	0.811745	0.811745
5.228000	0.810481	0.810481
5.230000	0.811745	0.811745
5.232000	0.813009	0.813009
5.234000	0.811113	0.811113
5.236000	0.812061	0.812061
5.238000	0.812377	0.812377
5.240000	0.811745	0.811745
5.242000	0.810797	0.810797
5.244000	0.811113	0.811113
5.246000	0.812061	0.812061
5.248000	0.811429	0.811429
5.250000	0.811745	0.811745
5.252000	0.811113	0.811113
5.254000	0.810797	0.810797
5.256000	0.813009	0.813009
5.258000	0.811429	0.811429
5.260000	0.810481	0.810481
5.262000	0.812377	0.812377
5.264000	0.811745	0.811745
5.266000	0.812061	0.812061
5.268000	0.813009	0.813009
5.270000	0.812061	0.812061
5.272000	0.810481	0.810481
5.274000	0.811745	0.811745
5.276000	0.813009	0.813009
5.278000	0.811745	0.811745
5.280000	0.811113	0.811113
5.282000	0.812061	0.812061
5.284000	0.811745	0.811745
5.286000	0.812693	0.812693
5.288000	0.811429	0.811429
5.290000	0.811745	0.811745
5.292000	0.811745	0.811745
5.294000	0.812061	0.812061
5.296000	0.812377	0.812377
5.298000	0.813641	0.813641
5.300000	0.811745	0.811745
5.302000	0.813009	0.813009
5.304000	0.812061	0.812061
5.306000	0.811113	0.811113
5.308000	0.812061	0.812061
5.310000	0.812377	0.812377
5.312000	0.811745	0.811745
5.314000	0.811745	0.811745
5.316000	0.811113	0.811113
5.318000	0.812061	0.812061
5.320000	0.812061	0.812061
5.322000	0.812693	0.812693
5.324000	0.812377	0.812377
5.326000	0.811429	0.811429
5.328000	0.812061	0.812061
5.330000	0.812377	0.812377
5.332000	0.811429	0.811429
5.334000	0.809216	0.809216
5.336000	0.811745	0.811745
5.338000	0.811745	0.811745
5.340000	0.812061	0.812061
5.342000	0.811113	0.811113
5.344000	0.812377	0.812377
5.346000	0.811745	0.811745
5.348000	0.812377	0.812377
5.350000	0.811745	0.811745
5.352000	0.811429	0.811429
5.354000	0.812377	0.812377
5.356000	0.811745	0.811745
5.358000	0.813641	0.813641
5.360000	0.812377	0.812377
5.362000	0.812061	0.812061
5.364000	0.812693	0.812693
5.366000	0.811429	0.811429
5.368000	0.812693	0.812693
5.370000	0.811429	0.811429
5.372000	0.812377	0.812377
5.374000	0.810797	0.810797
5.376000	0.811745	0.811745
5.378000	0.811113	0.811113
5.380000	0.811113	0.811113
5.382000	0.812061	0.812061
5.384000	0.811745	0.811745
5.386000	0.813009	0.813009
5.388000	0.812377	0.812377
5.390000	0.812693	0.812693
5.392000	0.812061	0.812061
5.394000	0.811429	0.811429
5.396000	0.811745	0.811745
5.398000	0.812061	0.812061
5.400000	0.810164	0.810164
5.402000	0.811113	0.811113
5.404000	0.812377	0.812377
5.406000	0.812061	0.812061
5.408000	0.810481	0.810481
5.410000	0.810797	0.810797
5.412000	0.812061	0.812061
5.414000	0.811429	0.811429
5.416000	0.812377	0.812377
5.418000	0.812693	0.812693
5.420000	0.811745	0.811745
5.422000	0.812377	0.812377
5.424000	0.812377	0.812377
5.426000	0.811745	0.811745
5.428000	0.812377	0.812377
5.430000	0.813325	0.813325
5.432000	0.813009	0.813009
5.434000	0.811429	0.811429
5.436000	0.812377	0.812377
5.438000	0.812061	0.812061
5.440000	0.811429	0.811429
5.442000	0.810481	0.810481
5.444000	0.812377	0.812377
5.446000	0.811113	0.811113
5.448000	0.811745	0.811745
5.450000	0.812377	0.812377
5.452000	0.813957	0.813957
5.454000	0.812693	0.812693
5.456000	0.812061	0.812061
5.458000	0.811429	0.811429
5.460000	0.812377	0.812377
5.462000	0.812377	0.812377
5.464000	0.812377	0.812377
5.466000	0.813009	0.813009
5.468000	0.812061	0.812061
5.470000	0.811745	0.811745
5.472000	0.812377	0.812377
5.474000	0.812061	0.812061
5.476000	0.811745	0.811745
5.478000	0.811745	0.811745
5.480000	0.810797	0.810797
5.482000	0.811429	0.811429
5.484000	0.810481	0.810481
5.486000	0.812061	0.812061
5.488000	0.812693	0.812693
5.490000	0.812061	0.812061
5.492000	0.811745	0.811745
5.494000	0.812061	0.812061
5.496000	0.810164	0.810164
5.498000	0.811429	0.811429
5.500000	0.811745	0.811745
5.502000	0.811745	0.811745
5.504000	0.812377	0.812377
5.506000	0.812693	0.812693
5.508000	0.811113	0.811113
5.510000	0.811113	0.811113
5.512000	0.811113	0.811113
5.514000	0.811429	0.811429
5.516000	0.813325	0.813325
5.518000	0.810164	0.810164
5.520000	0.812693	0.812693
5.522000	0.812061	0.812061
5.524000	0.812061	0.812061
5.526000	0.811113	0.811113
5.528000	0.811429	0.811429
5.530000	0.813009	0.813009
5.532000	0.811113	0.811113
5.534000	0.811113	0.811113
5.536000	0.811745	0.811745
5.538000	0.811429	0.811429
5.540000	0.810481	0.810481
5.542000	0.811429	0.811429
5.544000	0.812693	0.812693
5.546000	0.812693	0.812693
5.548000	0.812377	0.812377
5.550000	0.810481	0.810481
5.552000	0.812061	0.812061
5.554000	0.811745	0.811745
5.556000	0.812061	0.812061
5.558000	0.811745	0.811745
5.560000	0.811745	0.811745
5.562000	0.812377	0.812377
5.564000	0.812377	0.812377
5.566000	0.811745	0.811745
5.568000	0.810481	0.810481
5.570000	0.811429	0.811429
5.572000	0.811745	0.811745
5.574000	0.811429	0.811429
5.576000	0.811429	0.811429
5.578000	0.812693	0.812693
5.580000	0.811113	0.811113
5.582000	0.813641	0.813641
5.584000	0.812061	0.812061
5.586000	0.811429	0.811429
5.588000	0.812377	0.812377
5.590000	0.813325	0.813325
5.592000	0.810797	0.810797
5.594000	0.811113	0.811113
5.596000	0.813325	0.813325
5.598000	0.811745	0.811745
5.600000	0.811429	0.811429
5.602000	0.812377	0.812377
5.604000	0.812377	0.812377
5.606000	0.811745	0.811745
5.608000	0.811113	0.811113
5.610000	0.812693	0.812693
5.612000	0.812061	0.812061
5.614000	0.812061	0.812061
5.616000	0.812061	0.812061
5.618000	0.812061	0.812061
5.620000	0.813009	0.813009
5.622000	0.811745	0.811745
5.624000	0.810481	0.810481
5.626000	0.811113	0.811113
5.628000	0.812693	0.812693
5.630000	0.811745	0.811745
5.632000	0.810797	0.810797
5.634000	0.812377	0.812377
5.636000	0.813009	0.813009
5.638000	0.811113	0.811113
5.640000	0.812693	0.812693
5.642000	0.811113	0.811113
5.644000	0.810481	0.810481
5.646000	0.813641	0.813641
5.648000	0.812377	0.812377
5.650000	0.813641	0.813641
5.652000	0.811113	0.811113
5.654000	0.811745	0.811745
5.656000	0.812377	0.812377
5.658000	0.813641	0.813641
5.660000	0.811429	0.811429
5.662000	0.810481	0.810481
5.664000	0.812693	0.812693
5.666000	0.813009	0.813009
5.668000	0.812377	0.812377
5.670000	0.812061	0.812061
5.672000	0.812693	0.812693
5.674000	0.812061	0.812061
5.676000	0.812693	0.812693
5.678000	0.813009	0.813009
5.680000	0.811745	0.811745
5.682000	0.812061	0.812061
5.684000	0.812377	0.812377
5.686000	0.810481	0.810481
5.688000	0.811745	0.811745
5.690000	0.812061	0.812061
5.692000	0.811113	0.811113
5.694000	0.811745	0.811745
5.696000	0.810481	0.810481
5.698000	0.812377	0.812377
5.700000	0.811745	0.811745
5.702000	0.811745	0.811745
5.704000	0.811113	0.811113
5.706000	0.812693	0.812693
5.708000	0.811745	0.811745
5.710000	0.812061	0.812061
5.712000	0.811113	0.811113
5.714000	0.812377	0.812377
5.716000	0.810797	0.810797
5.718000	0.813325	0.813325
5.720000	0.811745	0.811745
5.722000	0.811429	0.811429
5.724000	0.811113	0.811113
5.726000	0.811745	0.811745
5.728000	0.811745	0.811745
5.730000	0.812061	0.812061
5.732000	0.812061	0.812061
5.734000	0.814273	0.814273
5.736000	0.812061	0.812061
5.738000	0.811429	0.811429
5.740000	0.810797	0.810797
5.742000	0.810797	0.810797
5.744000	0.811745	0.811745
5.746000	0.812377	0.812377
5.748000	0.811745	0.811745
5.750000	0.810481	0.810481
5.752000	0.811745	0.811745
5.754000	0.812061	0.812061
5.756000	0.810481	0.810481
5.758000	0.812061	0.812061
5.760000	0.811745	0.811745
5.762000	0.813641	0.813641
5.764000	0.810797	0.810797
5.766000	0.811113	0.811113
5.768000	0.811429	0.811429
5.770000	0.811113	0.811113
5.772000	0.812377	0.812377
5.774000	0.812377	0.812377
5.776000	0.812377	0.812377
5.778000	0.813009	0.813009
5.780000	0.812061	0.812061
5.782000	0.813009	0.813009
5.784000	0.811429	0.811429
5.786000	0.811429	0.811429
5.788000	0.810481	0.810481
5.790000	0.811113	0.811113
5.792000	0.811429	0.811429
5.794000	0.810797	0.810797
5.796000	0.813009	0.813009
5.798000	0.813009	0.813009
5.800000	0.812061	0.812061
5.802000	0.811429	0.811429
5.804000	0.811745	0.811745
5.806000	0.811429	0.811429
5.808000	0.812377	0.812377
5.810000	0.811429	0.811429
5.812000	0.811113	0.811113
5.814000	0.812693	0.812693
5.816000	0.811745	0.811745
5.818000	0.812377	0.812377
5.820000	0.812693	0.812693
5.822000	0.811745	0.811745
5.824000	0.812061	0.812061
5.826000	0.811745	0.811745
5.828000	0.810481	0.810481
5.830000	0.811429	0.811429
5.832000	0.813325	0.813325
5.834000	0.811745	0.811745
5.836000	0.812377	0.812377
5.838000	0.813009	0.813009
5.840000	0.811113	0.811113
5.842000	0.812061	0.812061
5.844000	0.812377	0.812377
5.846000	0.812061	0.812061
5.848000	0.813957	0.813957
5.850000	0.810481	0.810481
5.852000	0.812061	0.812061
5.854000	0.811745	0.811745
5.856000	0.812377	0.812377
5.858000	0.812377	0.812377
5.860000	0.810797	0.810797
5.862000	0.811429	0.811429
5.864000	0.813009	0.813009
5.866000	0.812377	0.812377
5.868000	0.811113	0.811113
5.870000	0.810797	0.810797
5.872000	0.811745	0.811745
5.874000	0.812377	0.812377
5.876000	0.811745	0.811745
5.878000	0.813325	0.813325
5.880000	0.812061	0.812061
5.882000	0.811429	0.811429
5.884000	0.812061	0.812061
5.886000	0.813325	0.813325
5.888000	0.812061	0.812061
5.890000	0.810481	0.810481
5.892000	0.811429	0.811429
5.894000	0.810481	0.810481
5.896000	0.812061	0.812061
5.898000	0.811113	0.811113
5.900000	0.812061	0.812061
5.902000	0.812377	0.812377
5.904000	0.811429	0.811429
5.906000	0.812377	0.812377
5.908000	0.811745	0.811745
5.910000	0.811429	0.811429
5.912000	0.811113	0.811113
5.914000	0.812693	0.812693
5.916000	0.812377	0.812377
5.918000	0.811113	0.811113
5.920000	0.812061	0.812061
5.922000	0.811113	0.811113
5.924000	0.813009	0.813009
5.926000	0.812693	0.812693
5.928000	0.812377	0.812377
5.930000	0.810481	0.810481
5.932000	0.811429	0.811429
5.934000	0.811429	0.811429
5.936000	0.811745	0.811745
5.938000	0.813325	0.813325
5.940000	0.811745	0.811745
5.942000	0.811429	0.811429
5.944000	0.810797	0.810797
5.946000	0.812377	0.812377
5.948000	0.812061	0.812061
5.950000	0.812061	0.812061
5.952000	0.811745	0.811745
5.954000	0.812377	0.812377
5.956000	0.811113	0.811113
5.958000	0.811429	0.811429
5.960000	0.810797	0.810797
5.962000	0.810797	0.810797
5.964000	0.812377	0.812377
5.966000	0.813641	0.813641
5.968000	0.813325	0.813325
5.970000	0.811745	0.811745
5.972000	0.813009	0.813009
5.974000	0.812377	0.812377
5.976000	0.811745	0.811745
5.978000	0.813009	0.813009
5.980000	0.812061	0.812061
5.982000	0.812061	0.812061
5.984000	0.811745	0.811745
5.986000	0.811113	0.811113
5.988000	0.810797	0.810797
5.990000	0.810797	0.810797
5.992000	0.813009	0.813009
5.994000	0.811745	0.811745
5.996000	0.811113	0.811113
5.998000	0.811745	0.811745
6.000000	0.812693	0.812693
6.002000	0.810797	0.810797
6.004000	0.811113	0.811113
6.006000	0.813009	0.813009
6.008000	0.813641	0.813641
6.010000	0.811745	0.811745
6.012000	0.810481	0.810481
6.014000	0.813641	0.813641
6.016000	0.811745	0.811745
6.018000	0.812061	0.812061
6.020000	0.810797	0.810797
6.022000	0.811113	0.811113
6.024000	0.812693	0.812693
6.026000	0.812377	0.812377
6.028000	0.811745	0.811745
6.030000	0.811745	0.811745
6.032000	0.813009	0.813009
6.034000	0.812061	0.812061
6.036000	0.812693	0.812693
6.038000	0.812693	0.812693
6.040000	0.813641	0.813641
6.042000	0.811745	0.811745
6.044000	0.812693	0.812693
6.046000	0.812377	0.812377
6.048000	0.810797	0.810797
6.050000	0.812377	0.812377
6.052000	0.811429	0.811429
6.054000	0.810164	0.810164
6.056000	0.811745	0.811745
6.058000	0.813009	0.813009
6.060000	0.810164	0.810164
6.062000	0.811113	0.811113
6.064000	0.811745	0.811745
6.066000	0.812061	0.812061
6.068000	0.810797	0.810797
6.070000	0.811429	0.811429
6.072000	0.812693	0.812693
6.074000	0.811429	0.811429
6.076000	0.810481	0.810481
6.078000	0.812693	0.812693
6.080000	0.811113	0.811113
6.082000	0.812061	0.812061
6.084000	0.812061	0.812061
6.086000	0.812377	0.812377
6.088000	0.811429	0.811429
6.090000	0.811745	0.811745
6.092000	0.813009	0.813009
6.094000	0.811745	0.811745
6.096000	0.812061	0.812061
6.098000	0.813009	0.813009
6.100000	0.811745	0.811745
6.102000	0.811429	0.811429
6.104000	0.812061	0.812061
6.106000	0.811429	0.811429
6.108000	0.811745	0.811745
6.110000	0.812693	0.812693
6.112000	0.811429	0.811429
6.114000	0.811745	0.811745
6.116000	0.812377	0.812377
6.118000	0.811429	0.811429
6.120000	0.811745	0.811745
6.122000	0.813641	0.813641
6.124000	0.813009	0.813009
6.126000	0.810797	0.810797
6.128000	0.812061	0.812061
6.130000	0.811429	0.811429
6.132000	0.811429	0.811429
6.134000	0.813325	0.813325
6.136000	0.812061	0.812061
6.138000	0.813325	0.813325
6.140000	0.811429	0.811429
6.142000	0.811745	0.811745
6.144000	0.811113	0.811113
6.146000	0.812061	0.812061
6.148000	0.811745	0.811745
6.150000	0.812693	0.812693
6.152000	0.811429	0.811429
6.154000	0.810481	0.810481
6.156000	0.813009	0.813009
6.158000	0.810797	0.810797
6.160000	0.812377	0.812377
6.162000	0.812693	0.812693
6.164000	0.811113	0.811113
6.166000	0.812693	0.812693
6.168000	0.812377	0.812377
6.170000	0.811429	0.811429
6.172000	0.813009	0.813009
6.174000	0.812377	0.812377
6.176000	0.810797	0.810797
6.178000	0.811429	0.811429
6.180000	0.813641	0.813641
6.182000	0.811113	0.811113
6.184000	0.811745	0.811745
6.186000	0.811113	0.811113
6.188000	0.810481	0.810481
6.190000	0.812377	0.812377
6.192000	0.812377	0.812377
6.194000	0.812693	0.812693
6.196000	0.812377	0.812377
6.198000	0.811745	0.811745
6.200000	0.811113	0.811113
6.202000	0.811429	0.811429
6.204000	0.811113	0.811113
6.206000	0.812693	0.812693
6.208000	0.813957	0.813957
6.210000	0.812693	0.812693
6.212000	0.813009	0.813009
6.214000	0.811429	0.811429
6.216000	0.812061	0.812061
6.218000	0.810797	0.810797
6.220000	0.810797	0.810797
6.222000	0.810797	0.810797
6.224000	0.813325	0.813325
6.226000	0.813009	0.813009
6.228000	0.811113	0.811113
6.230000	0.811745	0.811745
6.232000	0.813009	0.813009
6.234000	0.812377	0.812377
6.236000	0.812061	0.812061
6.238000	0.812377	0.812377
6.240000	0.811429	0.811429
6.242000	0.811113	0.811113
6.244000	0.813325	0.813325
6.246000	0.810797	0.810797
6.248000	0.813009	0.813009
6.250000	0.812693	0.812693
6.252000	0.812693	0.812693
6.254000	0.811745	0.811745
6.256000	0.811745	0.811745
6.258000	0.811113	0.811113
6.260000	0.813009	0.813009
6.262000	0.813009	0.813009
6.264000	0.812061	0.812061
6.266000	0.811745	0.811745
6.268000	0.812377	0.812377
6.270000	0.812693	0.812693
6.272000	0.812061	0.812061
6.274000	0.812377	0.812377
6.276000	0.811429	0.811429
6.278000	0.812693	0.812693
6.280000	0.812377	0.812377
6.282000	0.810164	0.810164
6.284000	0.811113	0.811113
6.286000	0.813009	0.813009
6.288000	0.812693	0.812693
6.290000	0.811113	0.811113
6.292000	0.811113	0.811113
6.294000	0.812377	0.812377
6.296000	0.811745	0.811745
6.298000	0.812377	0.812377
6.300000	0.812377	0.812377
6.302000	0.811429	0.811429
6.304000	0.812377	0.812377
6.306000	0.812061	0.812061
6.308000	0.811745	0.811745
6.310000	0.812693	0.812693
6.312000	0.811429	0.811429
6.314000	0.811745	0.811745
6.316000	0.813325	0.813325
6.318000	0.812377	0.812377
6.320000	0.813009	0.813009
6.322000	0.813325	0.813325
6.324000	0.812061	0.812061
6.326000	0.812377	0.812377
6.328000	0.812693	0.812693
6.330000	0.811745	0.811745
6.332000	0.811745	0.811745
6.334000	0.812061	0.812061
6.336000	0.813009	0.813009
6.338000	0.813009	0.813009
6.340000	0.811745	0.811745
6.342000	0.811745	0.811745
6.344000	0.813641	0.813641
6.346000	0.811429	0.811429
6.348000	0.811429	0.811429
6.350000	0.811745	0.811745
6.352000	0.812377	0.812377
6.354000	0.813641	0.813641
6.356000	0.813009	0.813009
6.358000	0.811745	0.811745
6.360000	0.812693	0.812693
6.362000	0.811745	0.811745
6.364000	0.812377	0.812377
6.366000	0.813325	0.813325
6.368000	0.813325	0.813325
6.370000	0.811745	0.811745
6.372000	0.813009	0.813009
6.374000	0.811745	0.811745
6.376000	0.813009	0.813009
6.378000	0.812693	0.812693
6.380000	0.812061	0.812061
6.382000	0.812377	0.812377
6.384000	0.813957	0.813957
6.386000	0.813641	0.813641
6.388000	0.813009	0.813009
6.390000	0.813009	0.813009
6.392000	0.812693	0.812693
6.394000	0.813009	0.813009
6.396000	0.812377	0.812377
6.398000	0.812693	0.812693
6.400000	0.812693	0.812693
6.402000	0.811745	0.811745
6.404000	0.813009	0.813009
6.406000	0.812061	0.812061
6.408000	0.812061	0.812061
6.410000	0.812693	0.812693
6.412000	0.809532	0.809532
6.414000	0.813009	0.813009
6.416000	0.811745	0.811745
6.418000	0.812693	0.812693
6.420000	0.813641	0.813641
6.422000	0.813641	0.813641
6.424000	0.810797	0.810797
6.426000	0.811429	0.811429
6.428000	0.812377	0.812377
6.430000	0.811745	0.811745
6.432000	0.811745	0.811745
6.434000	0.812377	0.812377
6.436000	0.812693	0.812693
6.438000	0.812061	0.812061
6.440000	0.812377	0.812377
6.442000	0.812693	0.812693
6.444000	0.813957	0.813957
6.446000	0.812377	0.812377
6.448000	0.812061	0.812061
6.450000	0.812693	0.812693
6.452000	0.809848	0.809848
6.454000	0.811429	0.811429
6.456000	0.809216	0.809216
6.458000	0.811745	0.811745
6.460000	0.812061	0.812061
6.462000	0.811113	0.811113
6.464000	0.812377	0.812377
6.466000	0.812377	0.812377
6.468000	0.811745	0.811745
6.470000	0.812377	0.812377
6.472000	0.812693	0.812693
6.474000	0.811745	0.811745
6.476000	0.810481	0.810481
6.478000	0.812693	0.812693
6.480000	0.811745	0.811745
6.482000	0.812377	0.812377
6.484000	0.811429	0.811429
6.486000	0.812693	0.812693
6.488000	0.812377	0.812377
6.490000	0.811113	0.811113
6.492000	0.812061	0.812061
6.494000	0.811429	0.811429
6.496000	0.813009	0.813009
6.498000	0.812061	0.812061
6.500000	0.813009	0.813009
6.502000	0.813325	0.813325
6.504000	0.811745	0.811745
6.506000	0.811745	0.811745
6.508000	0.811429	0.811429
6.510000	0.812061	0.812061
6.512000	0.811113	0.811113
6.514000	0.811113	0.811113
6.516000	0.810797	0.810797
6.518000	0.812061	0.812061
6.520000	0.810481	0.810481
6.522000	0.812061	0.812061
6.524000	0.811429	0.811429
6.526000	0.812693	0.812693
6.528000	0.812377	0.812377
6.530000	0.811745	0.811745
6.532000	0.811113	0.811113
6.534000	0.812061	0.812061
6.536000	0.813009	0.813009
6.538000	0.812061	0.812061
6.540000	0.813009	0.813009
6.542000	0.813009	0.813009
6.544000	0.810797	0.810797
6.546000	0.813325	0.813325
6.548000	0.813009	0.813009
6.550000	0.812693	0.812693
6.552000	0.813009	0.813009
6.554000	0.811745	0.811745
6.556000	0.811429	0.811429
6.558000	0.812377	0.812377
6.560000	0.812377	0.812377
6.562000	0.811113	0.811113
6.564000	0.810797	0.810797
6.566000	0.812693	0.812693
6.568000	0.812377	0.812377
6.570000	0.813641	0.813641
6.572000	0.812693	0.812693
6.574000	0.813009	0.813009
6.576000	0.813009	0.813009
6.578000	0.811429	0.811429
6.580000	0.812693	0.812693
6.582000	0.810797	0.810797
6.584000	0.811745	0.811745
6.586000	0.811429	0.811429
6.588000	0.810481	0.810481
6.590000	0.811745	0.811745
6.592000	0.812377	0.812377
6.594000	0.811429	0.811429
6.596000	0.811113	0.811113
6.598000	0.813009	0.813009
6.600000	0.811745	0.811745
6.602000	0.811429	0.811429
6.604000	0.812377	0.812377
6.606000	0.811113	0.811113
6.608000	0.811745	0.811745
6.610000	0.812377	0.812377
6.612000	0.812061	0.812061
6.614000	0.811745	0.811745
6.616000	0.811429	0.811429
6.618000	0.812061	0.812061
6.620000	0.810797	0.810797
6.622000	0.811429	0.811429
6.624000	0.811429	0.811429
6.626000	0.811113	0.811113
6.628000	0.812061	0.812061
6.630000	0.811745	0.811745
6.632000	0.812377	0.812377
6.634000	0.812693	0.812693
6.636000	0.812061	0.812061
6.638000	0.811429	0.811429
6.640000	0.810797	0.810797
6.642000	0.811113	0.811113
6.644000	0.811745	0.811745
6.646000	0.812693	0.812693
6.648000	0.813957	0.813957
6.650000	0.813641	0.813641
6.652000	0.812061	0.812061
6.654000	0.809532	0.809532
6.656000	0.808584	0.808584
6.658000	0.809848	0.809848
6.660000	0.815538	0.815538
6.662000	0.819330	0.819330
6.664000	0.821543	0.821543
6.666000	0.816170	0.816170
6.668000	0.811745	0.811745
6.670000	0.811745	0.811745
6.672000	0.818066	0.818066
6.674000	0.821543	0.821543
6.676000	0.818066	0.818066
6.678000	0.814589	0.814589
6.680000	0.811113	0.811113
6.682000	0.812377	0.812377
6.684000	0.818698	0.818698
6.686000	0.817434	0.817434
6.688000	0.814273	0.814273
6.690000	0.813009	0.813009
6.692000	0.811113	0.811113
6.694000	0.815222	0.815222
6.696000	0.816802	0.816802
6.698000	0.817750	0.817750
6.700000	0.814273	0.814273
6.702000	0.811429	0.811429
6.704000	0.813957	0.813957
6.706000	0.816486	0.816486
6.708000	0.817118	0.817118
6.710000	0.813641	0.813641
6.712000	0.810164	0.810164
6.714000	0.811745	0.811745
6.716000	0.815538	0.815538
6.718000	0.814589	0.814589
6.720000	0.812061	0.812061
6.722000	0.811429	0.811429
6.724000	0.811745	0.811745
6.726000	0.812377	0.812377
6.728000	0.813009	0.813009
6.730000	0.813641	0.813641
6.732000	0.811429	0.811429
6.734000	0.810481	0.810481
6.736000	0.810481	0.810481
6.738000	0.813641	0.813641
6.740000	0.812377	0.812377
6.742000	0.809532	0.809532
6.744000	0.808584	0.808584
6.746000	0.809532	0.809532
6.748000	0.810164	0.810164
6.750000	0.810797	0.810797
6.752000	0.808584	0.808584
6.754000	0.805423	0.805423
6.756000	0.805107	0.805107
6.758000	0.805740	0.805740
6.760000	0.807952	0.807952
6.762000	0.806372	0.806372
6.764000	0.804791	0.804791
6.766000	0.803527	0.803527
6.768000	0.805740	0.805740
6.770000	0.803843	0.803843
6.772000	0.802895	0.802895
6.774000	0.800999	0.800999
6.776000	0.800366	0.800366
6.778000	0.800999	0.800999
6.780000	0.801631	0.801631
6.782000	0.801315	0.801315
6.784000	0.800682	0.800682
6.786000	0.799734	0.799734
6.788000	0.799102	0.799102
6.790000	0.799418	0.799418
6.792000	0.797522	0.797522
6.794000	0.799102	0.799102
6.796000	0.798470	0.798470
6.798000	0.799102	0.799102
6.800000	0.800366	0.800366
6.802000	0.800999	0.800999
6.804000	0.799418	0.799418
6.806000	0.799734	0.799734
6.808000	0.800366	0.800366
6.810000	0.800366	0.800366
6.812000	0.802895	0.802895
6.814000	0.804159	0.804159
6.816000	0.798786	0.798786
6.818000	0.800050	0.800050
6.820000	0.801947	0.801947
6.822000	0.804159	0.804159
6.824000	0.802579	0.802579
6.826000	0.801315	0.801315
6.828000	0.801315	0.801315
6.830000	0.800682	0.800682
6.832000	0.801315	0.801315
6.834000	0.801315	0.801315
6.836000	0.800999	0.800999
6.838000	0.801315	0.801315
6.840000	0.799734	0.799734
6.842000	0.800366	0.800366
6.844000	0.800682	0.800682
6.846000	0.802263	0.802263
6.848000	0.800682	0.800682
6.850000	0.800366	0.800366
6.852000	0.800682	0.800682
6.854000	0.801947	0.801947
6.856000	0.801315	0.801315
6.858000	0.800999	0.800999
6.860000	0.798786	0.798786
6.862000	0.799418	0.799418
6.864000	0.800366	0.800366
6.866000	0.800050	0.800050
6.868000	0.799102	0.799102
6.870000	0.798154	0.798154
6.872000	0.797838	0.797838
6.874000	0.799102	0.799102
6.876000	0.799734	0.799734
6.878000	0.797206	0.797206
6.880000	0.798470	0.798470
6.882000	0.797206	0.797206
6.884000	0.796574	0.796574
6.886000	0.796574	0.796574
6.888000	0.797838	0.797838
6.890000	0.796890	0.796890
6.892000	0.796258	0.796258
6.894000	0.794677	0.794677
6.896000	0.795309	0.795309
6.898000	0.795625	0.795625
6.900000	0.797206	0.797206
6.902000	0.794045	0.794045
6.904000	0.794677	0.794677
6.906000	0.794993	0.794993
6.908000	0.794045	0.794045
6.910000	0.793097	0.793097
6.912000	0.792465	0.792465
6.914000	0.788988	0.788988
6.916000	0.790568	0.790568
6.918000	0.790884	0.790884
6.920000	0.789620	0.789620
6.922000	0.789620	0.789620
6.924000	0.788988	0.788988
6.926000	0.787092	0.787092
6.928000	0.788988	0.788988
6.930000	0.788040	0.788040
6.932000	0.785827	0.785827
6.934000	0.786460	0.786460
6.936000	0.786460	0.786460
6.938000	0.785827	0.785827
6.940000	0.785827	0.785827
6.942000	0.786776	0.786776
6.944000	0.786460	0.786460
6.946000	0.787092	0.787092
6.948000	0.784247	0.784247
6.950000	0.786143	0.786143
6.952000	0.784879	0.784879
6.954000	0.787408	0.787408
6.956000	0.788040	0.788040
6.958000	0.787408	0.787408
6.960000	0.786460	0.786460
6.962000	0.787092	0.787092
6.964000	0.787408	0.787408
6.966000	0.787408	0.787408
6.968000	0.789304	0.789304
6.970000	0.788356	0.788356
6.972000	0.788988	0.788988
6.974000	0.787408	0.787408
6.976000	0.788988	0.788988
6.978000	0.788672	0.788672
6.980000	0.788672	0.788672
6.982000	0.788672	0.788672
6.984000	0.791201	0.791201
6.986000	0.791201	0.791201
6.988000	0.790884	0.790884
6.990000	0.791517	0.791517
6.992000	0.792781	0.792781
6.994000	0.794045	0.794045
6.996000	0.795625	0.795625
6.998000	0.793729	0.793729
