11/3/2016
11:06:20 AM

0, CH+=0, CH-=199, Range=+/-10, y=a


Time	v0	y0
0.000000	0.780770	0.780770
0.002000	0.780138	0.780138
0.004000	0.781402	0.781402
0.006000	0.780138	0.780138
0.008000	0.782667	0.782667
0.010000	0.780454	0.780454
0.012000	0.779506	0.779506
0.014000	0.781719	0.781719
0.016000	0.779506	0.779506
0.018000	0.782351	0.782351
0.020000	0.781086	0.781086
0.022000	0.779506	0.779506
0.024000	0.781402	0.781402
0.026000	0.780770	0.780770
0.028000	0.781402	0.781402
0.030000	0.780770	0.780770
0.032000	0.780138	0.780138
0.034000	0.780770	0.780770
0.036000	0.780454	0.780454
0.038000	0.780454	0.780454
0.040000	0.781402	0.781402
0.042000	0.779822	0.779822
0.044000	0.782351	0.782351
0.046000	0.780770	0.780770
0.048000	0.780770	0.780770
0.050000	0.780454	0.780454
0.052000	0.778558	0.778558
0.054000	0.780454	0.780454
0.056000	0.780770	0.780770
0.058000	0.779822	0.779822
0.060000	0.781086	0.781086
0.062000	0.781719	0.781719
0.064000	0.780454	0.780454
0.066000	0.781719	0.781719
0.068000	0.781402	0.781402
0.070000	0.780454	0.780454
0.072000	0.780138	0.780138
0.074000	0.781402	0.781402
0.076000	0.779190	0.779190
0.078000	0.782351	0.782351
0.080000	0.782667	0.782667
0.082000	0.780454	0.780454
0.084000	0.780454	0.780454
0.086000	0.780454	0.780454
0.088000	0.780138	0.780138
0.090000	0.780770	0.780770
0.092000	0.780138	0.780138
0.094000	0.781719	0.781719
0.096000	0.779822	0.779822
0.098000	0.780454	0.780454
0.100000	0.780770	0.780770
0.102000	0.781719	0.781719
0.104000	0.781402	0.781402
0.106000	0.781402	0.781402
0.108000	0.781086	0.781086
0.110000	0.780454	0.780454
0.112000	0.781086	0.781086
0.114000	0.781402	0.781402
0.116000	0.782351	0.782351
0.118000	0.781719	0.781719
0.120000	0.780454	0.780454
0.122000	0.780770	0.780770
0.124000	0.780454	0.780454
0.126000	0.778874	0.778874
0.128000	0.780454	0.780454
0.130000	0.778874	0.778874
0.132000	0.781086	0.781086
0.134000	0.781402	0.781402
0.136000	0.780770	0.780770
0.138000	0.782667	0.782667
0.140000	0.781086	0.781086
0.142000	0.780454	0.780454
0.144000	0.781086	0.781086
0.146000	0.780770	0.780770
0.148000	0.780770	0.780770
0.150000	0.781719	0.781719
0.152000	0.781719	0.781719
0.154000	0.779506	0.779506
0.156000	0.781402	0.781402
0.158000	0.781086	0.781086
0.160000	0.780770	0.780770
0.162000	0.780770	0.780770
0.164000	0.779822	0.779822
0.166000	0.782667	0.782667
0.168000	0.779822	0.779822
0.170000	0.781719	0.781719
0.172000	0.781402	0.781402
0.174000	0.781719	0.781719
0.176000	0.782035	0.782035
0.178000	0.781086	0.781086
0.180000	0.780770	0.780770
0.182000	0.779822	0.779822
0.184000	0.780138	0.780138
0.186000	0.782035	0.782035
0.188000	0.780138	0.780138
0.190000	0.780770	0.780770
0.192000	0.780770	0.780770
0.194000	0.781086	0.781086
0.196000	0.779822	0.779822
0.198000	0.779190	0.779190
0.200000	0.780138	0.780138
0.202000	0.781086	0.781086
0.204000	0.781086	0.781086
0.206000	0.780454	0.780454
0.208000	0.780454	0.780454
0.210000	0.781086	0.781086
0.212000	0.782035	0.782035
0.214000	0.779506	0.779506
0.216000	0.780138	0.780138
0.218000	0.780770	0.780770
0.220000	0.779822	0.779822
0.222000	0.780138	0.780138
0.224000	0.780138	0.780138
0.226000	0.782983	0.782983
0.228000	0.780454	0.780454
0.230000	0.781402	0.781402
0.232000	0.780454	0.780454
0.234000	0.779190	0.779190
0.236000	0.779822	0.779822
0.238000	0.778874	0.778874
0.240000	0.780138	0.780138
0.242000	0.780138	0.780138
0.244000	0.781719	0.781719
0.246000	0.780138	0.780138
0.248000	0.780770	0.780770
0.250000	0.782035	0.782035
0.252000	0.782667	0.782667
0.254000	0.781719	0.781719
0.256000	0.781402	0.781402
0.258000	0.780138	0.780138
0.260000	0.778874	0.778874
0.262000	0.781402	0.781402
0.264000	0.781086	0.781086
0.266000	0.780454	0.780454
0.268000	0.781086	0.781086
0.270000	0.780454	0.780454
0.272000	0.781402	0.781402
0.274000	0.781402	0.781402
0.276000	0.781086	0.781086
0.278000	0.780770	0.780770
0.280000	0.779190	0.779190
0.282000	0.781402	0.781402
0.284000	0.781086	0.781086
0.286000	0.780454	0.780454
0.288000	0.781402	0.781402
0.290000	0.780770	0.780770
0.292000	0.781719	0.781719
0.294000	0.778874	0.778874
0.296000	0.781402	0.781402
0.298000	0.780770	0.780770
0.300000	0.781086	0.781086
0.302000	0.781402	0.781402
0.304000	0.781402	0.781402
0.306000	0.780454	0.780454
0.308000	0.780770	0.780770
0.310000	0.779822	0.779822
0.312000	0.780770	0.780770
0.314000	0.781086	0.781086
0.316000	0.780770	0.780770
0.318000	0.782035	0.782035
0.320000	0.780454	0.780454
0.322000	0.779822	0.779822
0.324000	0.780138	0.780138
0.326000	0.780138	0.780138
0.328000	0.781719	0.781719
0.330000	0.780454	0.780454
0.332000	0.781086	0.781086
0.334000	0.780454	0.780454
0.336000	0.781086	0.781086
0.338000	0.780770	0.780770
0.340000	0.781086	0.781086
0.342000	0.782351	0.782351
0.344000	0.780770	0.780770
0.346000	0.781402	0.781402
0.348000	0.780454	0.780454
0.350000	0.780454	0.780454
0.352000	0.779506	0.779506
0.354000	0.780454	0.780454
0.356000	0.781086	0.781086
0.358000	0.780138	0.780138
0.360000	0.780454	0.780454
0.362000	0.779822	0.779822
0.364000	0.780138	0.780138
0.366000	0.780770	0.780770
0.368000	0.779822	0.779822
0.370000	0.780770	0.780770
0.372000	0.779506	0.779506
0.374000	0.780770	0.780770
0.376000	0.780454	0.780454
0.378000	0.782035	0.782035
0.380000	0.779506	0.779506
0.382000	0.778874	0.778874
0.384000	0.779190	0.779190
0.386000	0.781402	0.781402
0.388000	0.781402	0.781402
0.390000	0.781086	0.781086
0.392000	0.780138	0.780138
0.394000	0.780454	0.780454
0.396000	0.780770	0.780770
0.398000	0.780770	0.780770
0.400000	0.780454	0.780454
0.402000	0.781402	0.781402
0.404000	0.779506	0.779506
0.406000	0.781086	0.781086
0.408000	0.780138	0.780138
0.410000	0.780454	0.780454
0.412000	0.780138	0.780138
0.414000	0.781402	0.781402
0.416000	0.780454	0.780454
0.418000	0.780454	0.780454
0.420000	0.780138	0.780138
0.422000	0.780770	0.780770
0.424000	0.780454	0.780454
0.426000	0.780138	0.780138
0.428000	0.780770	0.780770
0.430000	0.780138	0.780138
0.432000	0.780138	0.780138
0.434000	0.780454	0.780454
0.436000	0.782035	0.782035
0.438000	0.778874	0.778874
0.440000	0.779822	0.779822
0.442000	0.781719	0.781719
0.444000	0.781402	0.781402
0.446000	0.781402	0.781402
0.448000	0.781086	0.781086
0.450000	0.780770	0.780770
0.452000	0.781086	0.781086
0.454000	0.779190	0.779190
0.456000	0.780770	0.780770
0.458000	0.783299	0.783299
0.460000	0.781402	0.781402
0.462000	0.782035	0.782035
0.464000	0.780770	0.780770
0.466000	0.781402	0.781402
0.468000	0.779190	0.779190
0.470000	0.780138	0.780138
0.472000	0.780770	0.780770
0.474000	0.781086	0.781086
0.476000	0.780770	0.780770
0.478000	0.780138	0.780138
0.480000	0.779506	0.779506
0.482000	0.780770	0.780770
0.484000	0.781402	0.781402
0.486000	0.779822	0.779822
0.488000	0.779822	0.779822
0.490000	0.779822	0.779822
0.492000	0.780770	0.780770
0.494000	0.782035	0.782035
0.496000	0.779822	0.779822
0.498000	0.780138	0.780138
0.500000	0.781086	0.781086
0.502000	0.780770	0.780770
0.504000	0.780138	0.780138
0.506000	0.780770	0.780770
0.508000	0.781086	0.781086
0.510000	0.780454	0.780454
0.512000	0.782035	0.782035
0.514000	0.781719	0.781719
0.516000	0.780138	0.780138
0.518000	0.781402	0.781402
0.520000	0.779190	0.779190
0.522000	0.780454	0.780454
0.524000	0.780770	0.780770
0.526000	0.780138	0.780138
0.528000	0.781402	0.781402
0.530000	0.779822	0.779822
0.532000	0.779506	0.779506
0.534000	0.779822	0.779822
0.536000	0.780454	0.780454
0.538000	0.778874	0.778874
0.540000	0.780454	0.780454
0.542000	0.780770	0.780770
0.544000	0.780770	0.780770
0.546000	0.780770	0.780770
0.548000	0.780770	0.780770
0.550000	0.780138	0.780138
0.552000	0.779190	0.779190
0.554000	0.780138	0.780138
0.556000	0.781402	0.781402
0.558000	0.779190	0.779190
0.560000	0.780454	0.780454
0.562000	0.780770	0.780770
0.564000	0.780454	0.780454
0.566000	0.780454	0.780454
0.568000	0.780138	0.780138
0.570000	0.780770	0.780770
0.572000	0.781086	0.781086
0.574000	0.781086	0.781086
0.576000	0.781719	0.781719
0.578000	0.780454	0.780454
0.580000	0.780454	0.780454
0.582000	0.782351	0.782351
0.584000	0.781086	0.781086
0.586000	0.781402	0.781402
0.588000	0.780770	0.780770
0.590000	0.779506	0.779506
0.592000	0.779506	0.779506
0.594000	0.780454	0.780454
0.596000	0.780454	0.780454
0.598000	0.780138	0.780138
0.600000	0.778874	0.778874
0.602000	0.780454	0.780454
0.604000	0.779506	0.779506
0.606000	0.780770	0.780770
0.608000	0.779822	0.779822
0.610000	0.778874	0.778874
0.612000	0.780454	0.780454
0.614000	0.781086	0.781086
0.616000	0.780454	0.780454
0.618000	0.780454	0.780454
0.620000	0.780454	0.780454
0.622000	0.781719	0.781719
0.624000	0.780454	0.780454
0.626000	0.779822	0.779822
0.628000	0.781086	0.781086
0.630000	0.780138	0.780138
0.632000	0.780138	0.780138
0.634000	0.781402	0.781402
0.636000	0.782035	0.782035
0.638000	0.781402	0.781402
0.640000	0.780454	0.780454
0.642000	0.780454	0.780454
0.644000	0.780454	0.780454
0.646000	0.782035	0.782035
0.648000	0.782035	0.782035
0.650000	0.781086	0.781086
0.652000	0.780770	0.780770
0.654000	0.780770	0.780770
0.656000	0.780138	0.780138
0.658000	0.780454	0.780454
0.660000	0.779822	0.779822
0.662000	0.779822	0.779822
0.664000	0.781402	0.781402
0.666000	0.780770	0.780770
0.668000	0.780138	0.780138
0.670000	0.780138	0.780138
0.672000	0.779190	0.779190
0.674000	0.778874	0.778874
0.676000	0.781086	0.781086
0.678000	0.781086	0.781086
0.680000	0.779506	0.779506
0.682000	0.780770	0.780770
0.684000	0.779822	0.779822
0.686000	0.781086	0.781086
0.688000	0.780770	0.780770
0.690000	0.779822	0.779822
0.692000	0.780454	0.780454
0.694000	0.780138	0.780138
0.696000	0.780770	0.780770
0.698000	0.780138	0.780138
0.700000	0.782351	0.782351
0.702000	0.781402	0.781402
0.704000	0.781086	0.781086
0.706000	0.780770	0.780770
0.708000	0.780770	0.780770
0.710000	0.780138	0.780138
0.712000	0.780454	0.780454
0.714000	0.781086	0.781086
0.716000	0.780454	0.780454
0.718000	0.781719	0.781719
0.720000	0.778874	0.778874
0.722000	0.780454	0.780454
0.724000	0.782351	0.782351
0.726000	0.781086	0.781086
0.728000	0.782667	0.782667
0.730000	0.780138	0.780138
0.732000	0.780138	0.780138
0.734000	0.778874	0.778874
0.736000	0.780770	0.780770
0.738000	0.780138	0.780138
0.740000	0.779822	0.779822
0.742000	0.781086	0.781086
0.744000	0.780770	0.780770
0.746000	0.782351	0.782351
0.748000	0.780770	0.780770
0.750000	0.780454	0.780454
0.752000	0.780770	0.780770
0.754000	0.781086	0.781086
0.756000	0.779506	0.779506
0.758000	0.778874	0.778874
0.760000	0.780138	0.780138
0.762000	0.780138	0.780138
0.764000	0.781402	0.781402
0.766000	0.780454	0.780454
0.768000	0.780770	0.780770
0.770000	0.781402	0.781402
0.772000	0.780770	0.780770
0.774000	0.781402	0.781402
0.776000	0.780138	0.780138
0.778000	0.778558	0.778558
0.780000	0.780770	0.780770
0.782000	0.781402	0.781402
0.784000	0.780770	0.780770
0.786000	0.781086	0.781086
0.788000	0.781719	0.781719
0.790000	0.780138	0.780138
0.792000	0.780454	0.780454
0.794000	0.781402	0.781402
0.796000	0.780138	0.780138
0.798000	0.779822	0.779822
0.800000	0.780138	0.780138
0.802000	0.781402	0.781402
0.804000	0.780770	0.780770
0.806000	0.780454	0.780454
0.808000	0.782351	0.782351
0.810000	0.780138	0.780138
0.812000	0.781086	0.781086
0.814000	0.780138	0.780138
0.816000	0.780454	0.780454
0.818000	0.780454	0.780454
0.820000	0.779506	0.779506
0.822000	0.778874	0.778874
0.824000	0.780138	0.780138
0.826000	0.781719	0.781719
0.828000	0.780138	0.780138
0.830000	0.781086	0.781086
0.832000	0.781086	0.781086
0.834000	0.779822	0.779822
0.836000	0.780770	0.780770
0.838000	0.778874	0.778874
0.840000	0.781086	0.781086
0.842000	0.781086	0.781086
0.844000	0.780138	0.780138
0.846000	0.779190	0.779190
0.848000	0.778558	0.778558
0.850000	0.781086	0.781086
0.852000	0.781402	0.781402
0.854000	0.780138	0.780138
0.856000	0.780138	0.780138
0.858000	0.781402	0.781402
0.860000	0.779822	0.779822
0.862000	0.779822	0.779822
0.864000	0.780770	0.780770
0.866000	0.781402	0.781402
0.868000	0.780454	0.780454
0.870000	0.781086	0.781086
0.872000	0.780454	0.780454
0.874000	0.780138	0.780138
0.876000	0.780138	0.780138
0.878000	0.780454	0.780454
0.880000	0.781402	0.781402
0.882000	0.779822	0.779822
0.884000	0.780454	0.780454
0.886000	0.781402	0.781402
0.888000	0.781086	0.781086
0.890000	0.780138	0.780138
0.892000	0.780454	0.780454
0.894000	0.781719	0.781719
0.896000	0.780770	0.780770
0.898000	0.780770	0.780770
0.900000	0.778874	0.778874
0.902000	0.781086	0.781086
0.904000	0.779822	0.779822
0.906000	0.780454	0.780454
0.908000	0.781402	0.781402
0.910000	0.779506	0.779506
0.912000	0.780138	0.780138
0.914000	0.781086	0.781086
0.916000	0.780454	0.780454
0.918000	0.779506	0.779506
0.920000	0.781086	0.781086
0.922000	0.780770	0.780770
0.924000	0.779822	0.779822
0.926000	0.779822	0.779822
0.928000	0.780138	0.780138
0.930000	0.780770	0.780770
0.932000	0.782667	0.782667
0.934000	0.780454	0.780454
0.936000	0.781719	0.781719
0.938000	0.781402	0.781402
0.940000	0.781402	0.781402
0.942000	0.780454	0.780454
0.944000	0.779822	0.779822
0.946000	0.782667	0.782667
0.948000	0.781402	0.781402
0.950000	0.780770	0.780770
0.952000	0.780138	0.780138
0.954000	0.781086	0.781086
0.956000	0.780454	0.780454
0.958000	0.779190	0.779190
0.960000	0.780138	0.780138
0.962000	0.780454	0.780454
0.964000	0.779190	0.779190
0.966000	0.780138	0.780138
0.968000	0.778874	0.778874
0.970000	0.780454	0.780454
0.972000	0.779822	0.779822
0.974000	0.781719	0.781719
0.976000	0.780770	0.780770
0.978000	0.781719	0.781719
0.980000	0.780138	0.780138
0.982000	0.779822	0.779822
0.984000	0.780770	0.780770
0.986000	0.780770	0.780770
0.988000	0.781086	0.781086
0.990000	0.780770	0.780770
0.992000	0.780454	0.780454
0.994000	0.781719	0.781719
0.996000	0.781086	0.781086
0.998000	0.779190	0.779190
1.000000	0.780770	0.780770
1.002000	0.780138	0.780138
1.004000	0.781402	0.781402
1.006000	0.779190	0.779190
1.008000	0.780454	0.780454
1.010000	0.781402	0.781402
1.012000	0.781086	0.781086
1.014000	0.781402	0.781402
1.016000	0.780770	0.780770
1.018000	0.781719	0.781719
1.020000	0.780138	0.780138
1.022000	0.781719	0.781719
1.024000	0.780770	0.780770
1.026000	0.779506	0.779506
1.028000	0.780770	0.780770
1.030000	0.780770	0.780770
1.032000	0.780770	0.780770
1.034000	0.780454	0.780454
1.036000	0.782035	0.782035
1.038000	0.781402	0.781402
1.040000	0.781402	0.781402
1.042000	0.780138	0.780138
1.044000	0.781086	0.781086
1.046000	0.781402	0.781402
1.048000	0.778874	0.778874
1.050000	0.779822	0.779822
1.052000	0.781086	0.781086
1.054000	0.782351	0.782351
1.056000	0.781402	0.781402
1.058000	0.780770	0.780770
1.060000	0.779822	0.779822
1.062000	0.780454	0.780454
1.064000	0.780770	0.780770
1.066000	0.780770	0.780770
1.068000	0.779822	0.779822
1.070000	0.781402	0.781402
1.072000	0.780770	0.780770
1.074000	0.781086	0.781086
1.076000	0.780138	0.780138
1.078000	0.780454	0.780454
1.080000	0.781402	0.781402
1.082000	0.779822	0.779822
1.084000	0.779822	0.779822
1.086000	0.780454	0.780454
1.088000	0.780454	0.780454
1.090000	0.780454	0.780454
1.092000	0.780770	0.780770
1.094000	0.781086	0.781086
1.096000	0.779190	0.779190
1.098000	0.779506	0.779506
1.100000	0.780770	0.780770
1.102000	0.780138	0.780138
1.104000	0.780770	0.780770
1.106000	0.781719	0.781719
1.108000	0.779190	0.779190
1.110000	0.778874	0.778874
1.112000	0.781086	0.781086
1.114000	0.781086	0.781086
1.116000	0.780454	0.780454
1.118000	0.780454	0.780454
1.120000	0.782035	0.782035
1.122000	0.778874	0.778874
1.124000	0.781402	0.781402
1.126000	0.779822	0.779822
1.128000	0.779822	0.779822
1.130000	0.780454	0.780454
1.132000	0.780138	0.780138
1.134000	0.780770	0.780770
1.136000	0.780138	0.780138
1.138000	0.780770	0.780770
1.140000	0.780138	0.780138
1.142000	0.780138	0.780138
1.144000	0.780138	0.780138
1.146000	0.779822	0.779822
1.148000	0.780454	0.780454
1.150000	0.781402	0.781402
1.152000	0.781402	0.781402
1.154000	0.780770	0.780770
1.156000	0.782351	0.782351
1.158000	0.781086	0.781086
1.160000	0.780770	0.780770
1.162000	0.781086	0.781086
1.164000	0.779506	0.779506
1.166000	0.780454	0.780454
1.168000	0.781086	0.781086
1.170000	0.780138	0.780138
1.172000	0.780770	0.780770
1.174000	0.780454	0.780454
1.176000	0.781086	0.781086
1.178000	0.780454	0.780454
1.180000	0.780138	0.780138
1.182000	0.780454	0.780454
1.184000	0.782035	0.782035
1.186000	0.782667	0.782667
1.188000	0.779822	0.779822
1.190000	0.779506	0.779506
1.192000	0.781086	0.781086
1.194000	0.778874	0.778874
1.196000	0.779506	0.779506
1.198000	0.780138	0.780138
1.200000	0.780770	0.780770
1.202000	0.780454	0.780454
1.204000	0.780454	0.780454
1.206000	0.781719	0.781719
1.208000	0.780454	0.780454
1.210000	0.781086	0.781086
1.212000	0.780454	0.780454
1.214000	0.781402	0.781402
1.216000	0.782035	0.782035
1.218000	0.780138	0.780138
1.220000	0.781402	0.781402
1.222000	0.780138	0.780138
1.224000	0.780770	0.780770
1.226000	0.782351	0.782351
1.228000	0.779190	0.779190
1.230000	0.780770	0.780770
1.232000	0.780138	0.780138
1.234000	0.781402	0.781402
1.236000	0.780770	0.780770
1.238000	0.779190	0.779190
1.240000	0.780770	0.780770
1.242000	0.779506	0.779506
1.244000	0.780454	0.780454
1.246000	0.781086	0.781086
1.248000	0.782351	0.782351
1.250000	0.779822	0.779822
1.252000	0.780454	0.780454
1.254000	0.780454	0.780454
1.256000	0.781086	0.781086
1.258000	0.782667	0.782667
1.260000	0.780770	0.780770
1.262000	0.780138	0.780138
1.264000	0.780454	0.780454
1.266000	0.779190	0.779190
1.268000	0.781719	0.781719
1.270000	0.779822	0.779822
1.272000	0.778558	0.778558
1.274000	0.781719	0.781719
1.276000	0.779822	0.779822
1.278000	0.780454	0.780454
1.280000	0.780454	0.780454
1.282000	0.780138	0.780138
1.284000	0.781402	0.781402
1.286000	0.781402	0.781402
1.288000	0.781086	0.781086
1.290000	0.781719	0.781719
1.292000	0.781086	0.781086
1.294000	0.780138	0.780138
1.296000	0.779822	0.779822
1.298000	0.780138	0.780138
1.300000	0.780770	0.780770
1.302000	0.781086	0.781086
1.304000	0.778874	0.778874
1.306000	0.779822	0.779822
1.308000	0.778558	0.778558
1.310000	0.780770	0.780770
1.312000	0.780454	0.780454
1.314000	0.782983	0.782983
1.316000	0.781402	0.781402
1.318000	0.781719	0.781719
1.320000	0.780454	0.780454
1.322000	0.781719	0.781719
1.324000	0.781086	0.781086
1.326000	0.780770	0.780770
1.328000	0.780138	0.780138
1.330000	0.780138	0.780138
1.332000	0.780138	0.780138
1.334000	0.781086	0.781086
1.336000	0.781402	0.781402
1.338000	0.780770	0.780770
1.340000	0.780454	0.780454
1.342000	0.780138	0.780138
1.344000	0.780138	0.780138
1.346000	0.780770	0.780770
1.348000	0.781719	0.781719
1.350000	0.781719	0.781719
1.352000	0.780138	0.780138
1.354000	0.780454	0.780454
1.356000	0.780138	0.780138
1.358000	0.780770	0.780770
1.360000	0.780770	0.780770
1.362000	0.780454	0.780454
1.364000	0.779506	0.779506
1.366000	0.780138	0.780138
1.368000	0.780770	0.780770
1.370000	0.781719	0.781719
1.372000	0.780454	0.780454
1.374000	0.780138	0.780138
1.376000	0.779822	0.779822
1.378000	0.780454	0.780454
1.380000	0.780454	0.780454
1.382000	0.781402	0.781402
1.384000	0.781086	0.781086
1.386000	0.781719	0.781719
1.388000	0.781086	0.781086
1.390000	0.781086	0.781086
1.392000	0.782035	0.782035
1.394000	0.781402	0.781402
1.396000	0.782667	0.782667
1.398000	0.781086	0.781086
1.400000	0.779506	0.779506
1.402000	0.779822	0.779822
1.404000	0.780454	0.780454
1.406000	0.781086	0.781086
1.408000	0.781402	0.781402
1.410000	0.781719	0.781719
1.412000	0.780454	0.780454
1.414000	0.780138	0.780138
1.416000	0.781402	0.781402
1.418000	0.780454	0.780454
1.420000	0.780138	0.780138
1.422000	0.779822	0.779822
1.424000	0.780770	0.780770
1.426000	0.779822	0.779822
1.428000	0.781086	0.781086
1.430000	0.779190	0.779190
1.432000	0.780454	0.780454
1.434000	0.780770	0.780770
1.436000	0.779822	0.779822
1.438000	0.780454	0.780454
1.440000	0.780138	0.780138
1.442000	0.780138	0.780138
1.444000	0.779822	0.779822
1.446000	0.780770	0.780770
1.448000	0.780454	0.780454
1.450000	0.780454	0.780454
1.452000	0.781086	0.781086
1.454000	0.780138	0.780138
1.456000	0.781086	0.781086
1.458000	0.781086	0.781086
1.460000	0.780138	0.780138
1.462000	0.778558	0.778558
1.464000	0.780454	0.780454
1.466000	0.781402	0.781402
1.468000	0.782351	0.782351
1.470000	0.781402	0.781402
1.472000	0.780138	0.780138
1.474000	0.781086	0.781086
1.476000	0.780770	0.780770
1.478000	0.780138	0.780138
1.480000	0.780770	0.780770
1.482000	0.780770	0.780770
1.484000	0.779506	0.779506
1.486000	0.780770	0.780770
1.488000	0.780770	0.780770
1.490000	0.780454	0.780454
1.492000	0.781086	0.781086
1.494000	0.779822	0.779822
1.496000	0.781402	0.781402
1.498000	0.781402	0.781402
1.500000	0.781402	0.781402
1.502000	0.781086	0.781086
1.504000	0.779190	0.779190
1.506000	0.781086	0.781086
1.508000	0.780770	0.780770
1.510000	0.782035	0.782035
1.512000	0.780770	0.780770
1.514000	0.780454	0.780454
1.516000	0.782351	0.782351
1.518000	0.781402	0.781402
1.520000	0.781719	0.781719
1.522000	0.782035	0.782035
1.524000	0.781086	0.781086
1.526000	0.780138	0.780138
1.528000	0.781402	0.781402
1.530000	0.781402	0.781402
1.532000	0.780138	0.780138
1.534000	0.781402	0.781402
1.536000	0.781402	0.781402
1.538000	0.779190	0.779190
1.540000	0.782035	0.782035
1.542000	0.780770	0.780770
1.544000	0.779822	0.779822
1.546000	0.781719	0.781719
1.548000	0.781719	0.781719
1.550000	0.781402	0.781402
1.552000	0.781719	0.781719
1.554000	0.781086	0.781086
1.556000	0.780454	0.780454
1.558000	0.780138	0.780138
1.560000	0.780454	0.780454
1.562000	0.781086	0.781086
1.564000	0.781719	0.781719
1.566000	0.780454	0.780454
1.568000	0.780138	0.780138
1.570000	0.780770	0.780770
1.572000	0.780454	0.780454
1.574000	0.781402	0.781402
1.576000	0.780770	0.780770
1.578000	0.780770	0.780770
1.580000	0.780770	0.780770
1.582000	0.779190	0.779190
1.584000	0.781086	0.781086
1.586000	0.780138	0.780138
1.588000	0.779822	0.779822
1.590000	0.781402	0.781402
1.592000	0.780770	0.780770
1.594000	0.780138	0.780138
1.596000	0.780770	0.780770
1.598000	0.779822	0.779822
1.600000	0.780770	0.780770
1.602000	0.781086	0.781086
1.604000	0.780770	0.780770
1.606000	0.781402	0.781402
1.608000	0.781402	0.781402
1.610000	0.779506	0.779506
1.612000	0.781402	0.781402
1.614000	0.780138	0.780138
1.616000	0.779822	0.779822
1.618000	0.781719	0.781719
1.620000	0.783299	0.783299
1.622000	0.780138	0.780138
1.624000	0.780454	0.780454
1.626000	0.780138	0.780138
1.628000	0.780454	0.780454
1.630000	0.782035	0.782035
1.632000	0.780770	0.780770
1.634000	0.781086	0.781086
1.636000	0.780454	0.780454
1.638000	0.781402	0.781402
1.640000	0.779822	0.779822
1.642000	0.780454	0.780454
1.644000	0.780454	0.780454
1.646000	0.780454	0.780454
1.648000	0.779190	0.779190
1.650000	0.781086	0.781086
1.652000	0.780770	0.780770
1.654000	0.779822	0.779822
1.656000	0.779506	0.779506
1.658000	0.779190	0.779190
1.660000	0.781402	0.781402
1.662000	0.781402	0.781402
1.664000	0.782351	0.782351
1.666000	0.779822	0.779822
1.668000	0.779822	0.779822
1.670000	0.780770	0.780770
1.672000	0.780770	0.780770
1.674000	0.779506	0.779506
1.676000	0.780770	0.780770
1.678000	0.780454	0.780454
1.680000	0.780138	0.780138
1.682000	0.778874	0.778874
1.684000	0.779822	0.779822
1.686000	0.780770	0.780770
1.688000	0.781402	0.781402
1.690000	0.780138	0.780138
1.692000	0.780138	0.780138
1.694000	0.778874	0.778874
1.696000	0.779822	0.779822
1.698000	0.781402	0.781402
1.700000	0.780454	0.780454
1.702000	0.780770	0.780770
1.704000	0.778874	0.778874
1.706000	0.778558	0.778558
1.708000	0.781402	0.781402
1.710000	0.779822	0.779822
1.712000	0.780454	0.780454
1.714000	0.779506	0.779506
1.716000	0.780770	0.780770
1.718000	0.782983	0.782983
1.720000	0.779506	0.779506
1.722000	0.780454	0.780454
1.724000	0.780454	0.780454
1.726000	0.781719	0.781719
1.728000	0.781086	0.781086
1.730000	0.779506	0.779506
1.732000	0.780454	0.780454
1.734000	0.778874	0.778874
1.736000	0.781402	0.781402
1.738000	0.780138	0.780138
1.740000	0.780770	0.780770
1.742000	0.780454	0.780454
1.744000	0.780138	0.780138
1.746000	0.780770	0.780770
1.748000	0.781719	0.781719
1.750000	0.780770	0.780770
1.752000	0.779506	0.779506
1.754000	0.780454	0.780454
1.756000	0.781402	0.781402
1.758000	0.781719	0.781719
1.760000	0.782351	0.782351
1.762000	0.782351	0.782351
1.764000	0.779506	0.779506
1.766000	0.780770	0.780770
1.768000	0.781086	0.781086
1.770000	0.781086	0.781086
1.772000	0.781086	0.781086
1.774000	0.780770	0.780770
1.776000	0.780770	0.780770
1.778000	0.780454	0.780454
1.780000	0.781086	0.781086
1.782000	0.781086	0.781086
1.784000	0.781086	0.781086
1.786000	0.781086	0.781086
1.788000	0.782035	0.782035
1.790000	0.780770	0.780770
1.792000	0.781086	0.781086
1.794000	0.780138	0.780138
1.796000	0.781086	0.781086
1.798000	0.780770	0.780770
1.800000	0.780770	0.780770
1.802000	0.780454	0.780454
1.804000	0.782667	0.782667
1.806000	0.779822	0.779822
1.808000	0.781402	0.781402
1.810000	0.780138	0.780138
1.812000	0.777610	0.777610
1.814000	0.780138	0.780138
1.816000	0.779506	0.779506
1.818000	0.781719	0.781719
1.820000	0.779822	0.779822
1.822000	0.780138	0.780138
1.824000	0.778242	0.778242
1.826000	0.778874	0.778874
1.828000	0.782351	0.782351
1.830000	0.780138	0.780138
1.832000	0.778874	0.778874
1.834000	0.780770	0.780770
1.836000	0.781402	0.781402
1.838000	0.777610	0.777610
1.840000	0.780454	0.780454
1.842000	0.780138	0.780138
1.844000	0.779822	0.779822
1.846000	0.780454	0.780454
1.848000	0.781719	0.781719
1.850000	0.780454	0.780454
1.852000	0.780138	0.780138
1.854000	0.780138	0.780138
1.856000	0.780454	0.780454
1.858000	0.779190	0.779190
1.860000	0.781086	0.781086
1.862000	0.779506	0.779506
1.864000	0.779822	0.779822
1.866000	0.782035	0.782035
1.868000	0.780138	0.780138
1.870000	0.780138	0.780138
1.872000	0.781719	0.781719
1.874000	0.780770	0.780770
1.876000	0.779190	0.779190
1.878000	0.779506	0.779506
1.880000	0.782667	0.782667
1.882000	0.780770	0.780770
1.884000	0.780138	0.780138
1.886000	0.782035	0.782035
1.888000	0.779822	0.779822
1.890000	0.780770	0.780770
1.892000	0.780454	0.780454
1.894000	0.779506	0.779506
1.896000	0.778874	0.778874
1.898000	0.778874	0.778874
1.900000	0.780454	0.780454
1.902000	0.780770	0.780770
1.904000	0.779506	0.779506
1.906000	0.780138	0.780138
1.908000	0.780454	0.780454
1.910000	0.781402	0.781402
1.912000	0.780138	0.780138
1.914000	0.779506	0.779506
1.916000	0.779190	0.779190
1.918000	0.780454	0.780454
1.920000	0.778558	0.778558
1.922000	0.781402	0.781402
1.924000	0.780770	0.780770
1.926000	0.781086	0.781086
1.928000	0.781402	0.781402
1.930000	0.781719	0.781719
1.932000	0.780138	0.780138
1.934000	0.780138	0.780138
1.936000	0.780770	0.780770
1.938000	0.781402	0.781402
1.940000	0.780138	0.780138
1.942000	0.782035	0.782035
1.944000	0.781086	0.781086
1.946000	0.781086	0.781086
1.948000	0.780770	0.780770
1.950000	0.780454	0.780454
1.952000	0.781402	0.781402
1.954000	0.780138	0.780138
1.956000	0.780138	0.780138
1.958000	0.781402	0.781402
1.960000	0.779506	0.779506
1.962000	0.782351	0.782351
1.964000	0.781719	0.781719
1.966000	0.780770	0.780770
1.968000	0.779822	0.779822
1.970000	0.781402	0.781402
1.972000	0.780770	0.780770
1.974000	0.782035	0.782035
1.976000	0.780770	0.780770
1.978000	0.782351	0.782351
1.980000	0.781086	0.781086
1.982000	0.780454	0.780454
1.984000	0.782035	0.782035
1.986000	0.780138	0.780138
1.988000	0.779190	0.779190
1.990000	0.780454	0.780454
1.992000	0.780454	0.780454
1.994000	0.780770	0.780770
1.996000	0.781086	0.781086
1.998000	0.780454	0.780454
2.000000	0.780138	0.780138
2.002000	0.782351	0.782351
2.004000	0.779506	0.779506
2.006000	0.780138	0.780138
2.008000	0.781086	0.781086
2.010000	0.780138	0.780138
2.012000	0.780770	0.780770
2.014000	0.781719	0.781719
2.016000	0.778874	0.778874
2.018000	0.780138	0.780138
2.020000	0.779190	0.779190
2.022000	0.780138	0.780138
2.024000	0.780138	0.780138
2.026000	0.780770	0.780770
2.028000	0.780138	0.780138
2.030000	0.780770	0.780770
2.032000	0.780138	0.780138
2.034000	0.781086	0.781086
2.036000	0.779190	0.779190
2.038000	0.780770	0.780770
2.040000	0.780138	0.780138
2.042000	0.779506	0.779506
2.044000	0.780454	0.780454
2.046000	0.780770	0.780770
2.048000	0.779822	0.779822
2.050000	0.781719	0.781719
2.052000	0.780770	0.780770
2.054000	0.782983	0.782983
2.056000	0.781086	0.781086
2.058000	0.780138	0.780138
2.060000	0.779506	0.779506
2.062000	0.781719	0.781719
2.064000	0.781086	0.781086
2.066000	0.780138	0.780138
2.068000	0.781086	0.781086
2.070000	0.781719	0.781719
2.072000	0.781402	0.781402
2.074000	0.781719	0.781719
2.076000	0.780454	0.780454
2.078000	0.780770	0.780770
2.080000	0.780454	0.780454
2.082000	0.780770	0.780770
2.084000	0.780454	0.780454
2.086000	0.782035	0.782035
2.088000	0.779822	0.779822
2.090000	0.782035	0.782035
2.092000	0.781719	0.781719
2.094000	0.780770	0.780770
2.096000	0.780454	0.780454
2.098000	0.779506	0.779506
2.100000	0.782351	0.782351
2.102000	0.781719	0.781719
2.104000	0.780454	0.780454
2.106000	0.780138	0.780138
2.108000	0.780138	0.780138
2.110000	0.781402	0.781402
2.112000	0.779506	0.779506
2.114000	0.781719	0.781719
2.116000	0.779822	0.779822
2.118000	0.780454	0.780454
2.120000	0.780454	0.780454
2.122000	0.780138	0.780138
2.124000	0.779506	0.779506
2.126000	0.779506	0.779506
2.128000	0.779822	0.779822
2.130000	0.781086	0.781086
2.132000	0.781086	0.781086
2.134000	0.779822	0.779822
2.136000	0.782035	0.782035
2.138000	0.781086	0.781086
2.140000	0.780138	0.780138
2.142000	0.781086	0.781086
2.144000	0.781086	0.781086
2.146000	0.779190	0.779190
2.148000	0.780770	0.780770
2.150000	0.780138	0.780138
2.152000	0.780454	0.780454
2.154000	0.779822	0.779822
2.156000	0.780454	0.780454
2.158000	0.780770	0.780770
2.160000	0.779822	0.779822
2.162000	0.780770	0.780770
2.164000	0.779822	0.779822
2.166000	0.779190	0.779190
2.168000	0.779822	0.779822
2.170000	0.781086	0.781086
2.172000	0.781086	0.781086
2.174000	0.780454	0.780454
2.176000	0.779822	0.779822
2.178000	0.780454	0.780454
2.180000	0.781402	0.781402
2.182000	0.781719	0.781719
2.184000	0.780454	0.780454
2.186000	0.780138	0.780138
2.188000	0.780770	0.780770
2.190000	0.780770	0.780770
2.192000	0.781086	0.781086
2.194000	0.779822	0.779822
2.196000	0.780138	0.780138
2.198000	0.779822	0.779822
2.200000	0.779190	0.779190
2.202000	0.780454	0.780454
2.204000	0.780770	0.780770
2.206000	0.780454	0.780454
2.208000	0.781086	0.781086
2.210000	0.780138	0.780138
2.212000	0.781719	0.781719
2.214000	0.781086	0.781086
2.216000	0.779190	0.779190
2.218000	0.780454	0.780454
2.220000	0.778874	0.778874
2.222000	0.778874	0.778874
2.224000	0.780770	0.780770
2.226000	0.779822	0.779822
2.228000	0.780770	0.780770
2.230000	0.780770	0.780770
2.232000	0.778242	0.778242
2.234000	0.779822	0.779822
2.236000	0.778874	0.778874
2.238000	0.780770	0.780770
2.240000	0.781086	0.781086
2.242000	0.778558	0.778558
2.244000	0.781402	0.781402
2.246000	0.780138	0.780138
2.248000	0.780770	0.780770
2.250000	0.780454	0.780454
2.252000	0.781086	0.781086
2.254000	0.780770	0.780770
2.256000	0.780454	0.780454
2.258000	0.780138	0.780138
2.260000	0.781086	0.781086
2.262000	0.780454	0.780454
2.264000	0.781402	0.781402
2.266000	0.779822	0.779822
2.268000	0.781719	0.781719
2.270000	0.780454	0.780454
2.272000	0.780138	0.780138
2.274000	0.779190	0.779190
2.276000	0.781402	0.781402
2.278000	0.779506	0.779506
2.280000	0.779822	0.779822
2.282000	0.782035	0.782035
2.284000	0.780138	0.780138
2.286000	0.781402	0.781402
2.288000	0.780770	0.780770
2.290000	0.780138	0.780138
2.292000	0.780770	0.780770
2.294000	0.780770	0.780770
2.296000	0.779822	0.779822
2.298000	0.780770	0.780770
2.300000	0.781402	0.781402
2.302000	0.781086	0.781086
2.304000	0.780138	0.780138
2.306000	0.781402	0.781402
2.308000	0.780454	0.780454
2.310000	0.779506	0.779506
2.312000	0.780770	0.780770
2.314000	0.781402	0.781402
2.316000	0.782035	0.782035
2.318000	0.780138	0.780138
2.320000	0.782983	0.782983
2.322000	0.782351	0.782351
2.324000	0.780138	0.780138
2.326000	0.780770	0.780770
2.328000	0.780770	0.780770
2.330000	0.780454	0.780454
2.332000	0.780454	0.780454
2.334000	0.781402	0.781402
2.336000	0.779822	0.779822
2.338000	0.779822	0.779822
2.340000	0.780770	0.780770
2.342000	0.781719	0.781719
2.344000	0.782035	0.782035
2.346000	0.780454	0.780454
2.348000	0.780138	0.780138
2.350000	0.781402	0.781402
2.352000	0.780138	0.780138
2.354000	0.780770	0.780770
2.356000	0.780138	0.780138
2.358000	0.780770	0.780770
2.360000	0.780454	0.780454
2.362000	0.780770	0.780770
2.364000	0.781086	0.781086
2.366000	0.778874	0.778874
2.368000	0.781086	0.781086
2.370000	0.781402	0.781402
2.372000	0.779822	0.779822
2.374000	0.780138	0.780138
2.376000	0.780138	0.780138
2.378000	0.780138	0.780138
2.380000	0.780454	0.780454
2.382000	0.780454	0.780454
2.384000	0.780138	0.780138
2.386000	0.780770	0.780770
2.388000	0.778242	0.778242
2.390000	0.781086	0.781086
2.392000	0.781086	0.781086
2.394000	0.781402	0.781402
2.396000	0.780770	0.780770
2.398000	0.781086	0.781086
2.400000	0.777926	0.777926
2.402000	0.780454	0.780454
2.404000	0.779190	0.779190
2.406000	0.779506	0.779506
2.408000	0.778874	0.778874
2.410000	0.780138	0.780138
2.412000	0.780138	0.780138
2.414000	0.780770	0.780770
2.416000	0.780454	0.780454
2.418000	0.780770	0.780770
2.420000	0.780454	0.780454
2.422000	0.780770	0.780770
2.424000	0.780770	0.780770
2.426000	0.780770	0.780770
2.428000	0.780138	0.780138
2.430000	0.781719	0.781719
2.432000	0.781719	0.781719
2.434000	0.779506	0.779506
2.436000	0.781402	0.781402
2.438000	0.781086	0.781086
2.440000	0.780454	0.780454
2.442000	0.781402	0.781402
2.444000	0.779822	0.779822
2.446000	0.780770	0.780770
2.448000	0.781402	0.781402
2.450000	0.780454	0.780454
2.452000	0.780138	0.780138
2.454000	0.781402	0.781402
2.456000	0.782035	0.782035
2.458000	0.780138	0.780138
2.460000	0.781719	0.781719
2.462000	0.779506	0.779506
2.464000	0.780138	0.780138
2.466000	0.780138	0.780138
2.468000	0.781402	0.781402
2.470000	0.780138	0.780138
2.472000	0.780770	0.780770
2.474000	0.782035	0.782035
2.476000	0.781719	0.781719
2.478000	0.781402	0.781402
2.480000	0.781402	0.781402
2.482000	0.780770	0.780770
2.484000	0.780138	0.780138
2.486000	0.778874	0.778874
2.488000	0.780770	0.780770
2.490000	0.782035	0.782035
2.492000	0.781402	0.781402
2.494000	0.780770	0.780770
2.496000	0.779822	0.779822
2.498000	0.781086	0.781086
2.500000	0.780138	0.780138
2.502000	0.779822	0.779822
2.504000	0.781402	0.781402
2.506000	0.780454	0.780454
2.508000	0.780138	0.780138
2.510000	0.781719	0.781719
2.512000	0.782035	0.782035
2.514000	0.779822	0.779822
2.516000	0.779822	0.779822
2.518000	0.780138	0.780138
2.520000	0.782035	0.782035
2.522000	0.781086	0.781086
2.524000	0.780138	0.780138
2.526000	0.780138	0.780138
2.528000	0.779822	0.779822
2.530000	0.780770	0.780770
2.532000	0.780454	0.780454
2.534000	0.779822	0.779822
2.536000	0.780770	0.780770
2.538000	0.780138	0.780138
2.540000	0.780454	0.780454
2.542000	0.780138	0.780138
2.544000	0.780454	0.780454
2.546000	0.780138	0.780138
2.548000	0.781402	0.781402
2.550000	0.780138	0.780138
2.552000	0.780138	0.780138
2.554000	0.781086	0.781086
2.556000	0.779822	0.779822
2.558000	0.780770	0.780770
2.560000	0.781402	0.781402
2.562000	0.780138	0.780138
2.564000	0.781402	0.781402
2.566000	0.779822	0.779822
2.568000	0.781086	0.781086
2.570000	0.780454	0.780454
2.572000	0.781086	0.781086
2.574000	0.778874	0.778874
2.576000	0.780454	0.780454
2.578000	0.780770	0.780770
2.580000	0.781402	0.781402
2.582000	0.780770	0.780770
2.584000	0.779506	0.779506
2.586000	0.779190	0.779190
2.588000	0.781086	0.781086
2.590000	0.781402	0.781402
2.592000	0.782035	0.782035
2.594000	0.780138	0.780138
2.596000	0.779822	0.779822
2.598000	0.782351	0.782351
2.600000	0.780770	0.780770
2.602000	0.780770	0.780770
2.604000	0.780454	0.780454
2.606000	0.780770	0.780770
2.608000	0.781402	0.781402
2.610000	0.780770	0.780770
2.612000	0.781086	0.781086
2.614000	0.780770	0.780770
2.616000	0.781402	0.781402
2.618000	0.780138	0.780138
2.620000	0.781402	0.781402
2.622000	0.779822	0.779822
2.624000	0.781402	0.781402
2.626000	0.780138	0.780138
2.628000	0.781402	0.781402
2.630000	0.781086	0.781086
2.632000	0.781719	0.781719
2.634000	0.780770	0.780770
2.636000	0.780770	0.780770
2.638000	0.782351	0.782351
2.640000	0.779506	0.779506
2.642000	0.781719	0.781719
2.644000	0.781402	0.781402
2.646000	0.779822	0.779822
2.648000	0.781719	0.781719
2.650000	0.780138	0.780138
2.652000	0.779822	0.779822
2.654000	0.780770	0.780770
2.656000	0.782035	0.782035
2.658000	0.778558	0.778558
2.660000	0.770656	0.770656
2.662000	0.760226	0.760226
2.664000	0.757381	0.757381
2.666000	0.763071	0.763071
2.668000	0.773501	0.773501
2.670000	0.773817	0.773817
2.672000	0.768760	0.768760
2.674000	0.768760	0.768760
2.676000	0.771920	0.771920
2.678000	0.772553	0.772553
2.680000	0.770340	0.770340
2.682000	0.770656	0.770656
2.684000	0.770024	0.770024
2.686000	0.770024	0.770024
2.688000	0.770656	0.770656
2.690000	0.770656	0.770656
2.692000	0.770024	0.770024
2.694000	0.768128	0.768128
2.696000	0.768128	0.768128
2.698000	0.770024	0.770024
2.700000	0.772553	0.772553
2.702000	0.770340	0.770340
2.704000	0.768444	0.768444
2.706000	0.772869	0.772869
2.708000	0.771920	0.771920
2.710000	0.773185	0.773185
2.712000	0.770656	0.770656
2.714000	0.771920	0.771920
2.716000	0.771288	0.771288
2.718000	0.772869	0.772869
2.720000	0.773501	0.773501
2.722000	0.770656	0.770656
2.724000	0.768760	0.768760
2.726000	0.769708	0.769708
2.728000	0.772553	0.772553
2.730000	0.772237	0.772237
2.732000	0.770024	0.770024
2.734000	0.770340	0.770340
2.736000	0.770656	0.770656
2.738000	0.773185	0.773185
2.740000	0.772553	0.772553
2.742000	0.773185	0.773185
2.744000	0.771288	0.771288
2.746000	0.771288	0.771288
2.748000	0.771604	0.771604
2.750000	0.772553	0.772553
2.752000	0.772869	0.772869
2.754000	0.771604	0.771604
2.756000	0.771288	0.771288
2.758000	0.771288	0.771288
2.760000	0.770656	0.770656
2.762000	0.772869	0.772869
2.764000	0.771288	0.771288
2.766000	0.770024	0.770024
2.768000	0.771604	0.771604
2.770000	0.771604	0.771604
2.772000	0.771920	0.771920
2.774000	0.771288	0.771288
2.776000	0.773501	0.773501
2.778000	0.772237	0.772237
2.780000	0.771288	0.771288
2.782000	0.771604	0.771604
2.784000	0.770656	0.770656
2.786000	0.771604	0.771604
2.788000	0.768760	0.768760
2.790000	0.767180	0.767180
2.792000	0.765283	0.765283
2.794000	0.768128	0.768128
2.796000	0.770972	0.770972
2.798000	0.771920	0.771920
2.800000	0.770340	0.770340
2.802000	0.768128	0.768128
2.804000	0.765283	0.765283
2.806000	0.768760	0.768760
2.808000	0.769708	0.769708
2.810000	0.769076	0.769076
2.812000	0.771920	0.771920
2.814000	0.771288	0.771288
2.816000	0.769392	0.769392
2.818000	0.767812	0.767812
2.820000	0.767496	0.767496
2.822000	0.769076	0.769076
2.824000	0.769708	0.769708
2.826000	0.769392	0.769392
2.828000	0.767496	0.767496
2.830000	0.766863	0.766863
2.832000	0.764967	0.764967
2.834000	0.761174	0.761174
2.836000	0.760226	0.760226
2.838000	0.768760	0.768760
2.840000	0.773817	0.773817
2.842000	0.775397	0.775397
2.844000	0.769392	0.769392
2.846000	0.764019	0.764019
2.848000	0.765599	0.765599
2.850000	0.768444	0.768444
2.852000	0.770024	0.770024
2.854000	0.772869	0.772869
2.856000	0.771288	0.771288
2.858000	0.768760	0.768760
2.860000	0.763071	0.763071
2.862000	0.763703	0.763703
2.864000	0.767496	0.767496
2.866000	0.773501	0.773501
2.868000	0.771604	0.771604
2.870000	0.767812	0.767812
2.872000	0.766547	0.766547
2.874000	0.765283	0.765283
2.876000	0.767496	0.767496
2.878000	0.768760	0.768760
2.880000	0.771920	0.771920
2.882000	0.771288	0.771288
2.884000	0.768760	0.768760
2.886000	0.765599	0.765599
2.888000	0.767180	0.767180
2.890000	0.766863	0.766863
2.892000	0.770656	0.770656
2.894000	0.770340	0.770340
2.896000	0.768760	0.768760
2.898000	0.769392	0.769392
2.900000	0.767812	0.767812
2.902000	0.767496	0.767496
2.904000	0.767180	0.767180
2.906000	0.770024	0.770024
2.908000	0.769708	0.769708
2.910000	0.770340	0.770340
2.912000	0.766863	0.766863
2.914000	0.767496	0.767496
2.916000	0.767812	0.767812
2.918000	0.768128	0.768128
2.920000	0.770024	0.770024
2.922000	0.769392	0.769392
2.924000	0.768760	0.768760
2.926000	0.768760	0.768760
2.928000	0.767812	0.767812
2.930000	0.767496	0.767496
2.932000	0.768444	0.768444
2.934000	0.769076	0.769076
2.936000	0.770972	0.770972
2.938000	0.767180	0.767180
2.940000	0.766231	0.766231
2.942000	0.767812	0.767812
2.944000	0.769076	0.769076
2.946000	0.769076	0.769076
2.948000	0.770340	0.770340
2.950000	0.769076	0.769076
2.952000	0.766547	0.766547
2.954000	0.767180	0.767180
2.956000	0.766547	0.766547
2.958000	0.768128	0.768128
2.960000	0.768760	0.768760
2.962000	0.766863	0.766863
2.964000	0.768128	0.768128
2.966000	0.767812	0.767812
2.968000	0.767812	0.767812
2.970000	0.768760	0.768760
2.972000	0.770340	0.770340
2.974000	0.769392	0.769392
2.976000	0.767812	0.767812
2.978000	0.767812	0.767812
2.980000	0.767180	0.767180
2.982000	0.769076	0.769076
2.984000	0.769392	0.769392
2.986000	0.769708	0.769708
2.988000	0.769708	0.769708
2.990000	0.768760	0.768760
2.992000	0.768444	0.768444
2.994000	0.766863	0.766863
2.996000	0.768128	0.768128
2.998000	0.768128	0.768128
3.000000	0.767812	0.767812
3.002000	0.769392	0.769392
3.004000	0.767812	0.767812
3.006000	0.768760	0.768760
3.008000	0.768760	0.768760
3.010000	0.768760	0.768760
3.012000	0.769708	0.769708
3.014000	0.768760	0.768760
3.016000	0.768128	0.768128
3.018000	0.769392	0.769392
3.020000	0.767180	0.767180
3.022000	0.767180	0.767180
3.024000	0.768444	0.768444
3.026000	0.770340	0.770340
3.028000	0.768760	0.768760
3.030000	0.768444	0.768444
3.032000	0.767180	0.767180
3.034000	0.769392	0.769392
3.036000	0.768128	0.768128
3.038000	0.768760	0.768760
3.040000	0.768760	0.768760
3.042000	0.770024	0.770024
3.044000	0.768760	0.768760
3.046000	0.768444	0.768444
3.048000	0.769392	0.769392
3.050000	0.768760	0.768760
3.052000	0.770340	0.770340
3.054000	0.767496	0.767496
3.056000	0.767496	0.767496
3.058000	0.766231	0.766231
3.060000	0.768128	0.768128
3.062000	0.769076	0.769076
3.064000	0.768128	0.768128
3.066000	0.769708	0.769708
3.068000	0.767496	0.767496
3.070000	0.767496	0.767496
3.072000	0.768128	0.768128
3.074000	0.767812	0.767812
3.076000	0.769076	0.769076
3.078000	0.769076	0.769076
3.080000	0.766231	0.766231
3.082000	0.768444	0.768444
3.084000	0.767812	0.767812
3.086000	0.767496	0.767496
3.088000	0.768444	0.768444
3.090000	0.768128	0.768128
3.092000	0.769392	0.769392
3.094000	0.767812	0.767812
3.096000	0.768760	0.768760
3.098000	0.767812	0.767812
3.100000	0.768128	0.768128
3.102000	0.767812	0.767812
3.104000	0.768444	0.768444
3.106000	0.767496	0.767496
3.108000	0.768760	0.768760
3.110000	0.770024	0.770024
3.112000	0.768760	0.768760
3.114000	0.766863	0.766863
3.116000	0.768760	0.768760
3.118000	0.769708	0.769708
3.120000	0.767812	0.767812
3.122000	0.766547	0.766547
3.124000	0.768128	0.768128
3.126000	0.767812	0.767812
3.128000	0.769076	0.769076
3.130000	0.768128	0.768128
3.132000	0.768128	0.768128
3.134000	0.769392	0.769392
3.136000	0.768760	0.768760
3.138000	0.768128	0.768128
3.140000	0.769708	0.769708
3.142000	0.768444	0.768444
3.144000	0.768760	0.768760
3.146000	0.767496	0.767496
3.148000	0.770972	0.770972
3.150000	0.767812	0.767812
3.152000	0.769392	0.769392
3.154000	0.768128	0.768128
3.156000	0.768760	0.768760
3.158000	0.769392	0.769392
3.160000	0.766863	0.766863
3.162000	0.768760	0.768760
3.164000	0.767496	0.767496
3.166000	0.768760	0.768760
3.168000	0.768444	0.768444
3.170000	0.768760	0.768760
3.172000	0.768128	0.768128
3.174000	0.768128	0.768128
3.176000	0.768760	0.768760
3.178000	0.769392	0.769392
3.180000	0.768760	0.768760
3.182000	0.769392	0.769392
3.184000	0.768760	0.768760
3.186000	0.767496	0.767496
3.188000	0.768128	0.768128
3.190000	0.766547	0.766547
3.192000	0.767812	0.767812
3.194000	0.768760	0.768760
3.196000	0.768128	0.768128
3.198000	0.769392	0.769392
3.200000	0.769708	0.769708
3.202000	0.768128	0.768128
3.204000	0.768444	0.768444
3.206000	0.767812	0.767812
3.208000	0.768128	0.768128
3.210000	0.768760	0.768760
3.212000	0.767812	0.767812
3.214000	0.769708	0.769708
3.216000	0.767812	0.767812
3.218000	0.768128	0.768128
3.220000	0.767812	0.767812
3.222000	0.769392	0.769392
3.224000	0.766547	0.766547
3.226000	0.767812	0.767812
3.228000	0.769392	0.769392
3.230000	0.766231	0.766231
3.232000	0.768128	0.768128
3.234000	0.769708	0.769708
3.236000	0.767496	0.767496
3.238000	0.767812	0.767812
3.240000	0.768444	0.768444
3.242000	0.769076	0.769076
3.244000	0.768444	0.768444
3.246000	0.768760	0.768760
3.248000	0.767496	0.767496
3.250000	0.766863	0.766863
3.252000	0.768128	0.768128
3.254000	0.768760	0.768760
3.256000	0.767180	0.767180
3.258000	0.769076	0.769076
3.260000	0.767180	0.767180
3.262000	0.769076	0.769076
3.264000	0.768128	0.768128
3.266000	0.768760	0.768760
3.268000	0.768444	0.768444
3.270000	0.769076	0.769076
3.272000	0.768444	0.768444
3.274000	0.767812	0.767812
3.276000	0.769076	0.769076
3.278000	0.768760	0.768760
3.280000	0.767812	0.767812
3.282000	0.768760	0.768760
3.284000	0.767496	0.767496
3.286000	0.768760	0.768760
3.288000	0.767812	0.767812
3.290000	0.767496	0.767496
3.292000	0.769392	0.769392
3.294000	0.768760	0.768760
3.296000	0.768760	0.768760
3.298000	0.769076	0.769076
3.300000	0.768444	0.768444
3.302000	0.769076	0.769076
3.304000	0.768128	0.768128
3.306000	0.768760	0.768760
3.308000	0.769392	0.769392
3.310000	0.769076	0.769076
3.312000	0.769392	0.769392
3.314000	0.768760	0.768760
3.316000	0.768444	0.768444
3.318000	0.768760	0.768760
3.320000	0.768128	0.768128
3.322000	0.769392	0.769392
3.324000	0.769708	0.769708
3.326000	0.767496	0.767496
3.328000	0.768128	0.768128
3.330000	0.768128	0.768128
3.332000	0.768128	0.768128
3.334000	0.768128	0.768128
3.336000	0.769076	0.769076
3.338000	0.769392	0.769392
3.340000	0.768128	0.768128
3.342000	0.768128	0.768128
3.344000	0.767496	0.767496
3.346000	0.769392	0.769392
3.348000	0.768760	0.768760
3.350000	0.768760	0.768760
3.352000	0.770024	0.770024
3.354000	0.768760	0.768760
3.356000	0.770340	0.770340
3.358000	0.767496	0.767496
3.360000	0.767812	0.767812
3.362000	0.770656	0.770656
3.364000	0.769392	0.769392
3.366000	0.768128	0.768128
3.368000	0.767812	0.767812
3.370000	0.768760	0.768760
3.372000	0.768760	0.768760
3.374000	0.768760	0.768760
3.376000	0.769076	0.769076
3.378000	0.769076	0.769076
3.380000	0.768760	0.768760
3.382000	0.769392	0.769392
3.384000	0.768760	0.768760
3.386000	0.769076	0.769076
3.388000	0.769392	0.769392
3.390000	0.770024	0.770024
3.392000	0.767496	0.767496
3.394000	0.768128	0.768128
3.396000	0.767812	0.767812
3.398000	0.768128	0.768128
3.400000	0.768760	0.768760
3.402000	0.767496	0.767496
3.404000	0.768128	0.768128
3.406000	0.766547	0.766547
3.408000	0.767812	0.767812
3.410000	0.769076	0.769076
3.412000	0.768128	0.768128
3.414000	0.768128	0.768128
3.416000	0.766547	0.766547
3.418000	0.768760	0.768760
3.420000	0.769076	0.769076
3.422000	0.770024	0.770024
3.424000	0.766231	0.766231
3.426000	0.767812	0.767812
3.428000	0.768128	0.768128
3.430000	0.770024	0.770024
3.432000	0.769392	0.769392
3.434000	0.767812	0.767812
3.436000	0.768128	0.768128
3.438000	0.769076	0.769076
3.440000	0.769076	0.769076
3.442000	0.767496	0.767496
3.444000	0.768128	0.768128
3.446000	0.768444	0.768444
3.448000	0.769392	0.769392
3.450000	0.768128	0.768128
3.452000	0.768128	0.768128
3.454000	0.767812	0.767812
3.456000	0.768128	0.768128
3.458000	0.769392	0.769392
3.460000	0.768760	0.768760
3.462000	0.769708	0.769708
3.464000	0.768128	0.768128
3.466000	0.768128	0.768128
3.468000	0.768760	0.768760
3.470000	0.767496	0.767496
3.472000	0.768760	0.768760
3.474000	0.769076	0.769076
3.476000	0.767180	0.767180
3.478000	0.769076	0.769076
3.480000	0.769708	0.769708
3.482000	0.768760	0.768760
3.484000	0.769076	0.769076
3.486000	0.770656	0.770656
3.488000	0.768760	0.768760
3.490000	0.769076	0.769076
3.492000	0.767496	0.767496
3.494000	0.770340	0.770340
3.496000	0.770024	0.770024
3.498000	0.769392	0.769392
3.500000	0.768444	0.768444
3.502000	0.768760	0.768760
3.504000	0.767496	0.767496
3.506000	0.767812	0.767812
3.508000	0.768760	0.768760
3.510000	0.766863	0.766863
3.512000	0.769392	0.769392
3.514000	0.769392	0.769392
3.516000	0.768760	0.768760
3.518000	0.768128	0.768128
3.520000	0.768128	0.768128
3.522000	0.768444	0.768444
3.524000	0.770656	0.770656
3.526000	0.767496	0.767496
3.528000	0.768444	0.768444
3.530000	0.769392	0.769392
3.532000	0.768760	0.768760
3.534000	0.769708	0.769708
3.536000	0.768128	0.768128
3.538000	0.768444	0.768444
3.540000	0.769076	0.769076
3.542000	0.768444	0.768444
3.544000	0.767812	0.767812
3.546000	0.768128	0.768128
3.548000	0.769076	0.769076
3.550000	0.769076	0.769076
3.552000	0.767812	0.767812
3.554000	0.768760	0.768760
3.556000	0.768128	0.768128
3.558000	0.768760	0.768760
3.560000	0.768128	0.768128
3.562000	0.767180	0.767180
3.564000	0.769392	0.769392
3.566000	0.768760	0.768760
3.568000	0.768760	0.768760
3.570000	0.770340	0.770340
3.572000	0.768444	0.768444
3.574000	0.767496	0.767496
3.576000	0.767180	0.767180
3.578000	0.768128	0.768128
3.580000	0.768128	0.768128
3.582000	0.767496	0.767496
3.584000	0.768760	0.768760
3.586000	0.766231	0.766231
3.588000	0.770024	0.770024
3.590000	0.768128	0.768128
3.592000	0.768760	0.768760
3.594000	0.769076	0.769076
3.596000	0.767812	0.767812
3.598000	0.767812	0.767812
3.600000	0.769708	0.769708
3.602000	0.768760	0.768760
3.604000	0.770024	0.770024
3.606000	0.767812	0.767812
3.608000	0.766547	0.766547
3.610000	0.769076	0.769076
3.612000	0.768444	0.768444
3.614000	0.768128	0.768128
3.616000	0.768760	0.768760
3.618000	0.769076	0.769076
3.620000	0.769076	0.769076
3.622000	0.767812	0.767812
3.624000	0.768444	0.768444
3.626000	0.769076	0.769076
3.628000	0.769392	0.769392
3.630000	0.766547	0.766547
3.632000	0.768760	0.768760
3.634000	0.768444	0.768444
3.636000	0.769392	0.769392
3.638000	0.768128	0.768128
3.640000	0.767812	0.767812
3.642000	0.767496	0.767496
3.644000	0.768444	0.768444
3.646000	0.767496	0.767496
3.648000	0.766863	0.766863
3.650000	0.768760	0.768760
3.652000	0.768128	0.768128
3.654000	0.769708	0.769708
3.656000	0.768444	0.768444
3.658000	0.767496	0.767496
3.660000	0.767180	0.767180
3.662000	0.768128	0.768128
3.664000	0.768128	0.768128
3.666000	0.768444	0.768444
3.668000	0.768444	0.768444
3.670000	0.768760	0.768760
3.672000	0.769076	0.769076
3.674000	0.769708	0.769708
3.676000	0.769076	0.769076
3.678000	0.769392	0.769392
3.680000	0.767180	0.767180
3.682000	0.768760	0.768760
3.684000	0.768444	0.768444
3.686000	0.768760	0.768760
3.688000	0.768128	0.768128
3.690000	0.768128	0.768128
3.692000	0.769392	0.769392
3.694000	0.769076	0.769076
3.696000	0.768760	0.768760
3.698000	0.768128	0.768128
3.700000	0.768444	0.768444
3.702000	0.768128	0.768128
3.704000	0.768128	0.768128
3.706000	0.770656	0.770656
3.708000	0.768444	0.768444
3.710000	0.768444	0.768444
3.712000	0.769708	0.769708
3.714000	0.769392	0.769392
3.716000	0.767180	0.767180
3.718000	0.767812	0.767812
3.720000	0.768128	0.768128
3.722000	0.767812	0.767812
3.724000	0.769076	0.769076
3.726000	0.768760	0.768760
3.728000	0.769392	0.769392
3.730000	0.768444	0.768444
3.732000	0.769076	0.769076
3.734000	0.767496	0.767496
3.736000	0.767496	0.767496
3.738000	0.768128	0.768128
3.740000	0.769392	0.769392
3.742000	0.766547	0.766547
3.744000	0.769708	0.769708
3.746000	0.768128	0.768128
3.748000	0.769708	0.769708
3.750000	0.769392	0.769392
3.752000	0.769076	0.769076
3.754000	0.769708	0.769708
3.756000	0.768760	0.768760
3.758000	0.769076	0.769076
3.760000	0.768128	0.768128
3.762000	0.767812	0.767812
3.764000	0.769392	0.769392
3.766000	0.768760	0.768760
3.768000	0.768444	0.768444
3.770000	0.768760	0.768760
3.772000	0.768760	0.768760
3.774000	0.767812	0.767812
3.776000	0.768444	0.768444
3.778000	0.768444	0.768444
3.780000	0.767812	0.767812
3.782000	0.768760	0.768760
3.784000	0.767180	0.767180
3.786000	0.767812	0.767812
3.788000	0.768760	0.768760
3.790000	0.768760	0.768760
3.792000	0.768760	0.768760
3.794000	0.768128	0.768128
3.796000	0.769708	0.769708
3.798000	0.768444	0.768444
3.800000	0.768128	0.768128
3.802000	0.767496	0.767496
3.804000	0.768760	0.768760
3.806000	0.767812	0.767812
3.808000	0.769708	0.769708
3.810000	0.768760	0.768760
3.812000	0.769392	0.769392
3.814000	0.769392	0.769392
3.816000	0.768760	0.768760
3.818000	0.766863	0.766863
3.820000	0.769392	0.769392
3.822000	0.767812	0.767812
3.824000	0.769392	0.769392
3.826000	0.767812	0.767812
3.828000	0.766863	0.766863
3.830000	0.768128	0.768128
3.832000	0.768444	0.768444
3.834000	0.768444	0.768444
3.836000	0.769708	0.769708
3.838000	0.769392	0.769392
3.840000	0.770656	0.770656
3.842000	0.770024	0.770024
3.844000	0.766863	0.766863
3.846000	0.768128	0.768128
3.848000	0.767496	0.767496
3.850000	0.769076	0.769076
3.852000	0.769076	0.769076
3.854000	0.768760	0.768760
3.856000	0.769076	0.769076
3.858000	0.766863	0.766863
3.860000	0.769392	0.769392
3.862000	0.766231	0.766231
3.864000	0.768128	0.768128
3.866000	0.770024	0.770024
3.868000	0.767496	0.767496
3.870000	0.769392	0.769392
3.872000	0.769392	0.769392
3.874000	0.768760	0.768760
3.876000	0.768760	0.768760
3.878000	0.768444	0.768444
3.880000	0.769076	0.769076
3.882000	0.768760	0.768760
3.884000	0.769076	0.769076
3.886000	0.767812	0.767812
3.888000	0.769076	0.769076
3.890000	0.767180	0.767180
3.892000	0.767812	0.767812
3.894000	0.769076	0.769076
3.896000	0.767812	0.767812
3.898000	0.769076	0.769076
3.900000	0.768128	0.768128
3.902000	0.768444	0.768444
3.904000	0.767812	0.767812
3.906000	0.769392	0.769392
3.908000	0.768760	0.768760
3.910000	0.769708	0.769708
3.912000	0.767812	0.767812
3.914000	0.768760	0.768760
3.916000	0.767812	0.767812
3.918000	0.768444	0.768444
3.920000	0.767812	0.767812
3.922000	0.766863	0.766863
3.924000	0.769392	0.769392
3.926000	0.769708	0.769708
3.928000	0.767496	0.767496
3.930000	0.769076	0.769076
3.932000	0.769076	0.769076
3.934000	0.768128	0.768128
3.936000	0.768128	0.768128
3.938000	0.768128	0.768128
3.940000	0.770024	0.770024
3.942000	0.768128	0.768128
3.944000	0.767180	0.767180
3.946000	0.767812	0.767812
3.948000	0.769708	0.769708
3.950000	0.767812	0.767812
3.952000	0.768760	0.768760
3.954000	0.768760	0.768760
3.956000	0.768760	0.768760
3.958000	0.767812	0.767812
3.960000	0.767496	0.767496
3.962000	0.769708	0.769708
3.964000	0.770340	0.770340
3.966000	0.769708	0.769708
3.968000	0.770340	0.770340
3.970000	0.770656	0.770656
3.972000	0.768444	0.768444
3.974000	0.769392	0.769392
3.976000	0.769708	0.769708
3.978000	0.766863	0.766863
3.980000	0.770340	0.770340
3.982000	0.768128	0.768128
3.984000	0.768760	0.768760
3.986000	0.767180	0.767180
3.988000	0.767812	0.767812
3.990000	0.768128	0.768128
3.992000	0.768128	0.768128
3.994000	0.769392	0.769392
3.996000	0.768128	0.768128
3.998000	0.770340	0.770340
4.000000	0.768128	0.768128
4.002000	0.768760	0.768760
4.004000	0.769392	0.769392
4.006000	0.768444	0.768444
4.008000	0.768444	0.768444
4.010000	0.767496	0.767496
4.012000	0.768760	0.768760
4.014000	0.767812	0.767812
4.016000	0.768760	0.768760
4.018000	0.767496	0.767496
4.020000	0.768128	0.768128
4.022000	0.770024	0.770024
4.024000	0.767812	0.767812
4.026000	0.768128	0.768128
4.028000	0.767812	0.767812
4.030000	0.769392	0.769392
4.032000	0.767812	0.767812
4.034000	0.767812	0.767812
4.036000	0.767496	0.767496
4.038000	0.768128	0.768128
4.040000	0.768128	0.768128
4.042000	0.767180	0.767180
4.044000	0.769076	0.769076
4.046000	0.769708	0.769708
4.048000	0.768760	0.768760
4.050000	0.768128	0.768128
4.052000	0.768128	0.768128
4.054000	0.767812	0.767812
4.056000	0.769392	0.769392
4.058000	0.768128	0.768128
4.060000	0.768444	0.768444
4.062000	0.768128	0.768128
4.064000	0.768760	0.768760
4.066000	0.768128	0.768128
4.068000	0.767180	0.767180
4.070000	0.767812	0.767812
4.072000	0.768760	0.768760
4.074000	0.767496	0.767496
4.076000	0.767812	0.767812
4.078000	0.768128	0.768128
4.080000	0.768444	0.768444
4.082000	0.767812	0.767812
4.084000	0.768128	0.768128
4.086000	0.769708	0.769708
4.088000	0.768128	0.768128
4.090000	0.768760	0.768760
4.092000	0.768760	0.768760
4.094000	0.769708	0.769708
4.096000	0.768444	0.768444
4.098000	0.767180	0.767180
4.100000	0.768760	0.768760
4.102000	0.769076	0.769076
4.104000	0.768128	0.768128
4.106000	0.768444	0.768444
4.108000	0.768760	0.768760
4.110000	0.767812	0.767812
4.112000	0.769392	0.769392
4.114000	0.767496	0.767496
4.116000	0.767180	0.767180
4.118000	0.768444	0.768444
4.120000	0.767496	0.767496
4.122000	0.768760	0.768760
4.124000	0.769708	0.769708
4.126000	0.768444	0.768444
4.128000	0.769708	0.769708
4.130000	0.768760	0.768760
4.132000	0.769076	0.769076
4.134000	0.767812	0.767812
4.136000	0.769708	0.769708
4.138000	0.769076	0.769076
4.140000	0.768760	0.768760
4.142000	0.767812	0.767812
4.144000	0.767812	0.767812
4.146000	0.769392	0.769392
4.148000	0.769076	0.769076
4.150000	0.768760	0.768760
4.152000	0.767180	0.767180
4.154000	0.768760	0.768760
4.156000	0.770656	0.770656
4.158000	0.768444	0.768444
4.160000	0.767180	0.767180
4.162000	0.769392	0.769392
4.164000	0.770024	0.770024
4.166000	0.766863	0.766863
4.168000	0.769392	0.769392
4.170000	0.769392	0.769392
4.172000	0.768444	0.768444
4.174000	0.768444	0.768444
4.176000	0.767812	0.767812
4.178000	0.766863	0.766863
4.180000	0.767180	0.767180
4.182000	0.768760	0.768760
4.184000	0.769708	0.769708
4.186000	0.767496	0.767496
4.188000	0.768444	0.768444
4.190000	0.768760	0.768760
4.192000	0.770024	0.770024
4.194000	0.768444	0.768444
4.196000	0.768444	0.768444
4.198000	0.768760	0.768760
4.200000	0.769076	0.769076
4.202000	0.768760	0.768760
4.204000	0.767496	0.767496
4.206000	0.768444	0.768444
4.208000	0.767812	0.767812
4.210000	0.768760	0.768760
4.212000	0.768760	0.768760
4.214000	0.769392	0.769392
4.216000	0.768760	0.768760
4.218000	0.769392	0.769392
4.220000	0.768128	0.768128
4.222000	0.767496	0.767496
4.224000	0.768128	0.768128
4.226000	0.767812	0.767812
4.228000	0.769392	0.769392
4.230000	0.769392	0.769392
4.232000	0.768128	0.768128
4.234000	0.768444	0.768444
4.236000	0.768444	0.768444
4.238000	0.768128	0.768128
4.240000	0.766863	0.766863
4.242000	0.767496	0.767496
4.244000	0.768128	0.768128
4.246000	0.768760	0.768760
4.248000	0.768128	0.768128
4.250000	0.770024	0.770024
4.252000	0.769392	0.769392
4.254000	0.767180	0.767180
4.256000	0.768760	0.768760
4.258000	0.768128	0.768128
4.260000	0.767180	0.767180
4.262000	0.768444	0.768444
4.264000	0.767812	0.767812
4.266000	0.769392	0.769392
4.268000	0.768760	0.768760
4.270000	0.768760	0.768760
4.272000	0.769708	0.769708
4.274000	0.768128	0.768128
4.276000	0.766863	0.766863
4.278000	0.768760	0.768760
4.280000	0.767496	0.767496
4.282000	0.767496	0.767496
4.284000	0.768760	0.768760
4.286000	0.767812	0.767812
4.288000	0.769076	0.769076
4.290000	0.769708	0.769708
4.292000	0.768128	0.768128
4.294000	0.769392	0.769392
4.296000	0.768760	0.768760
4.298000	0.767812	0.767812
4.300000	0.767812	0.767812
4.302000	0.768444	0.768444
4.304000	0.768128	0.768128
4.306000	0.768444	0.768444
4.308000	0.768128	0.768128
4.310000	0.768128	0.768128
4.312000	0.768444	0.768444
4.314000	0.770340	0.770340
4.316000	0.769076	0.769076
4.318000	0.767812	0.767812
4.320000	0.768444	0.768444
4.322000	0.769076	0.769076
4.324000	0.768760	0.768760
4.326000	0.769076	0.769076
4.328000	0.767812	0.767812
4.330000	0.768444	0.768444
4.332000	0.768128	0.768128
4.334000	0.767812	0.767812
4.336000	0.768444	0.768444
4.338000	0.767496	0.767496
4.340000	0.769076	0.769076
4.342000	0.766547	0.766547
4.344000	0.768760	0.768760
4.346000	0.767812	0.767812
4.348000	0.767812	0.767812
4.350000	0.768128	0.768128
4.352000	0.769392	0.769392
4.354000	0.769392	0.769392
4.356000	0.767496	0.767496
4.358000	0.768128	0.768128
4.360000	0.768128	0.768128
4.362000	0.767496	0.767496
4.364000	0.766863	0.766863
4.366000	0.768128	0.768128
4.368000	0.767812	0.767812
4.370000	0.768760	0.768760
4.372000	0.768444	0.768444
4.374000	0.768760	0.768760
4.376000	0.768760	0.768760
4.378000	0.768760	0.768760
4.380000	0.768760	0.768760
4.382000	0.769076	0.769076
4.384000	0.769392	0.769392
4.386000	0.768760	0.768760
4.388000	0.767496	0.767496
4.390000	0.769392	0.769392
4.392000	0.767812	0.767812
4.394000	0.768444	0.768444
4.396000	0.767812	0.767812
4.398000	0.768760	0.768760
4.400000	0.768760	0.768760
4.402000	0.768760	0.768760
4.404000	0.768128	0.768128
4.406000	0.767496	0.767496
4.408000	0.769392	0.769392
4.410000	0.768760	0.768760
4.412000	0.768760	0.768760
4.414000	0.768128	0.768128
4.416000	0.767812	0.767812
4.418000	0.768760	0.768760
4.420000	0.769076	0.769076
4.422000	0.768444	0.768444
4.424000	0.767496	0.767496
4.426000	0.769392	0.769392
4.428000	0.768444	0.768444
4.430000	0.770024	0.770024
4.432000	0.769392	0.769392
4.434000	0.769708	0.769708
4.436000	0.767496	0.767496
4.438000	0.768760	0.768760
4.440000	0.769392	0.769392
4.442000	0.769076	0.769076
4.444000	0.768760	0.768760
4.446000	0.768760	0.768760
4.448000	0.770024	0.770024
4.450000	0.768760	0.768760
4.452000	0.768128	0.768128
4.454000	0.768444	0.768444
4.456000	0.768760	0.768760
4.458000	0.768444	0.768444
4.460000	0.768760	0.768760
4.462000	0.769076	0.769076
4.464000	0.768444	0.768444
4.466000	0.769392	0.769392
4.468000	0.768444	0.768444
4.470000	0.766863	0.766863
4.472000	0.769076	0.769076
4.474000	0.768128	0.768128
4.476000	0.768128	0.768128
4.478000	0.768128	0.768128
4.480000	0.767812	0.767812
4.482000	0.768760	0.768760
4.484000	0.770024	0.770024
4.486000	0.769076	0.769076
4.488000	0.769076	0.769076
4.490000	0.770024	0.770024
4.492000	0.768444	0.768444
4.494000	0.767496	0.767496
4.496000	0.767496	0.767496
4.498000	0.769392	0.769392
4.500000	0.768760	0.768760
4.502000	0.768444	0.768444
4.504000	0.768760	0.768760
4.506000	0.767496	0.767496
4.508000	0.768128	0.768128
4.510000	0.768760	0.768760
4.512000	0.769392	0.769392
4.514000	0.767496	0.767496
4.516000	0.768128	0.768128
4.518000	0.768128	0.768128
4.520000	0.768760	0.768760
4.522000	0.768128	0.768128
4.524000	0.768128	0.768128
4.526000	0.768128	0.768128
4.528000	0.767812	0.767812
4.530000	0.769392	0.769392
4.532000	0.767496	0.767496
4.534000	0.768444	0.768444
4.536000	0.768128	0.768128
4.538000	0.769392	0.769392
4.540000	0.768444	0.768444
4.542000	0.767496	0.767496
4.544000	0.767812	0.767812
4.546000	0.769708	0.769708
4.548000	0.769708	0.769708
4.550000	0.768444	0.768444
4.552000	0.768444	0.768444
4.554000	0.767496	0.767496
4.556000	0.768760	0.768760
4.558000	0.768128	0.768128
4.560000	0.768444	0.768444
4.562000	0.769076	0.769076
4.564000	0.769392	0.769392
4.566000	0.768128	0.768128
4.568000	0.768128	0.768128
4.570000	0.767180	0.767180
4.572000	0.768128	0.768128
4.574000	0.767812	0.767812
4.576000	0.769076	0.769076
4.578000	0.768444	0.768444
4.580000	0.766547	0.766547
4.582000	0.768128	0.768128
4.584000	0.768444	0.768444
4.586000	0.768444	0.768444
4.588000	0.768128	0.768128
4.590000	0.768128	0.768128
4.592000	0.766863	0.766863
4.594000	0.767180	0.767180
4.596000	0.768444	0.768444
4.598000	0.767812	0.767812
4.600000	0.767180	0.767180
4.602000	0.767496	0.767496
4.604000	0.769392	0.769392
4.606000	0.768128	0.768128
4.608000	0.768760	0.768760
4.610000	0.769392	0.769392
4.612000	0.766863	0.766863
4.614000	0.768760	0.768760
4.616000	0.767496	0.767496
4.618000	0.767812	0.767812
4.620000	0.767180	0.767180
4.622000	0.768760	0.768760
4.624000	0.767812	0.767812
4.626000	0.768760	0.768760
4.628000	0.768128	0.768128
4.630000	0.767812	0.767812
4.632000	0.766863	0.766863
4.634000	0.768760	0.768760
4.636000	0.770024	0.770024
4.638000	0.767496	0.767496
4.640000	0.768760	0.768760
4.642000	0.770024	0.770024
4.644000	0.769708	0.769708
4.646000	0.769076	0.769076
4.648000	0.768760	0.768760
4.650000	0.770024	0.770024
4.652000	0.770024	0.770024
4.654000	0.769392	0.769392
4.656000	0.769076	0.769076
4.658000	0.769392	0.769392
4.660000	0.767180	0.767180
4.662000	0.769076	0.769076
4.664000	0.769392	0.769392
4.666000	0.766863	0.766863
4.668000	0.768760	0.768760
4.670000	0.769392	0.769392
4.672000	0.768760	0.768760
4.674000	0.770024	0.770024
4.676000	0.769076	0.769076
4.678000	0.768444	0.768444
4.680000	0.768128	0.768128
4.682000	0.768444	0.768444
4.684000	0.768760	0.768760
4.686000	0.768128	0.768128
4.688000	0.768444	0.768444
4.690000	0.769076	0.769076
4.692000	0.768760	0.768760
4.694000	0.769708	0.769708
4.696000	0.768760	0.768760
4.698000	0.768444	0.768444
4.700000	0.768760	0.768760
4.702000	0.769708	0.769708
4.704000	0.769392	0.769392
4.706000	0.769392	0.769392
4.708000	0.769392	0.769392
4.710000	0.768760	0.768760
4.712000	0.768760	0.768760
4.714000	0.767812	0.767812
4.716000	0.768128	0.768128
4.718000	0.768760	0.768760
4.720000	0.768128	0.768128
4.722000	0.767812	0.767812
4.724000	0.768128	0.768128
4.726000	0.768128	0.768128
4.728000	0.767496	0.767496
4.730000	0.768760	0.768760
4.732000	0.769392	0.769392
4.734000	0.767812	0.767812
4.736000	0.768128	0.768128
4.738000	0.769392	0.769392
4.740000	0.769076	0.769076
4.742000	0.767496	0.767496
4.744000	0.767812	0.767812
4.746000	0.769392	0.769392
4.748000	0.768128	0.768128
4.750000	0.769076	0.769076
4.752000	0.769708	0.769708
4.754000	0.767496	0.767496
4.756000	0.769076	0.769076
4.758000	0.768760	0.768760
4.760000	0.767812	0.767812
4.762000	0.767812	0.767812
4.764000	0.767812	0.767812
4.766000	0.768760	0.768760
4.768000	0.769392	0.769392
4.770000	0.768760	0.768760
4.772000	0.768444	0.768444
4.774000	0.769076	0.769076
4.776000	0.767812	0.767812
4.778000	0.768128	0.768128
4.780000	0.768444	0.768444
4.782000	0.768128	0.768128
4.784000	0.769392	0.769392
4.786000	0.767812	0.767812
4.788000	0.769076	0.769076
4.790000	0.767180	0.767180
4.792000	0.769392	0.769392
4.794000	0.768128	0.768128
4.796000	0.769708	0.769708
4.798000	0.768444	0.768444
4.800000	0.770024	0.770024
4.802000	0.769076	0.769076
4.804000	0.767180	0.767180
4.806000	0.767812	0.767812
4.808000	0.768128	0.768128
4.810000	0.768760	0.768760
4.812000	0.770024	0.770024
4.814000	0.767496	0.767496
4.816000	0.768760	0.768760
4.818000	0.770024	0.770024
4.820000	0.768128	0.768128
4.822000	0.768128	0.768128
4.824000	0.767180	0.767180
4.826000	0.768760	0.768760
4.828000	0.769708	0.769708
4.830000	0.769392	0.769392
4.832000	0.768760	0.768760
4.834000	0.769076	0.769076
4.836000	0.769076	0.769076
4.838000	0.768760	0.768760
4.840000	0.768760	0.768760
4.842000	0.769076	0.769076
4.844000	0.768128	0.768128
4.846000	0.768444	0.768444
4.848000	0.768760	0.768760
4.850000	0.768444	0.768444
4.852000	0.768128	0.768128
4.854000	0.770340	0.770340
4.856000	0.768128	0.768128
4.858000	0.768128	0.768128
4.860000	0.769392	0.769392
4.862000	0.768128	0.768128
4.864000	0.768128	0.768128
4.866000	0.768760	0.768760
4.868000	0.769392	0.769392
4.870000	0.768128	0.768128
4.872000	0.768444	0.768444
4.874000	0.768760	0.768760
4.876000	0.768760	0.768760
4.878000	0.769076	0.769076
4.880000	0.768760	0.768760
4.882000	0.768128	0.768128
4.884000	0.767812	0.767812
4.886000	0.768128	0.768128
4.888000	0.768128	0.768128
4.890000	0.767496	0.767496
4.892000	0.767812	0.767812
4.894000	0.768444	0.768444
4.896000	0.768760	0.768760
4.898000	0.768760	0.768760
4.900000	0.768760	0.768760
4.902000	0.768760	0.768760
4.904000	0.768444	0.768444
4.906000	0.766863	0.766863
4.908000	0.768444	0.768444
4.910000	0.768444	0.768444
4.912000	0.768760	0.768760
4.914000	0.768128	0.768128
4.916000	0.769392	0.769392
4.918000	0.768128	0.768128
4.920000	0.767180	0.767180
4.922000	0.768444	0.768444
4.924000	0.767496	0.767496
4.926000	0.767812	0.767812
4.928000	0.768128	0.768128
4.930000	0.769076	0.769076
4.932000	0.767812	0.767812
4.934000	0.768760	0.768760
4.936000	0.768444	0.768444
4.938000	0.767180	0.767180
4.940000	0.767496	0.767496
4.942000	0.768444	0.768444
4.944000	0.768128	0.768128
4.946000	0.768128	0.768128
4.948000	0.767180	0.767180
4.950000	0.768128	0.768128
4.952000	0.767812	0.767812
4.954000	0.769708	0.769708
4.956000	0.769076	0.769076
4.958000	0.767496	0.767496
4.960000	0.767496	0.767496
4.962000	0.768760	0.768760
4.964000	0.767812	0.767812
4.966000	0.768760	0.768760
4.968000	0.767496	0.767496
4.970000	0.768128	0.768128
4.972000	0.770656	0.770656
4.974000	0.766231	0.766231
4.976000	0.769076	0.769076
4.978000	0.768128	0.768128
4.980000	0.769392	0.769392
4.982000	0.767496	0.767496
4.984000	0.769708	0.769708
4.986000	0.768760	0.768760
4.988000	0.768128	0.768128
4.990000	0.768444	0.768444
4.992000	0.766863	0.766863
4.994000	0.767496	0.767496
4.996000	0.769076	0.769076
4.998000	0.768128	0.768128
5.000000	0.768760	0.768760
5.002000	0.769076	0.769076
5.004000	0.768760	0.768760
5.006000	0.767812	0.767812
5.008000	0.768760	0.768760
5.010000	0.768128	0.768128
5.012000	0.768760	0.768760
5.014000	0.769392	0.769392
5.016000	0.768128	0.768128
5.018000	0.769392	0.769392
5.020000	0.768128	0.768128
5.022000	0.769392	0.769392
5.024000	0.768128	0.768128
5.026000	0.767812	0.767812
5.028000	0.767496	0.767496
5.030000	0.770972	0.770972
5.032000	0.768128	0.768128
5.034000	0.767496	0.767496
5.036000	0.769392	0.769392
5.038000	0.770340	0.770340
5.040000	0.769076	0.769076
5.042000	0.769076	0.769076
5.044000	0.768444	0.768444
5.046000	0.767180	0.767180
5.048000	0.767180	0.767180
5.050000	0.768760	0.768760
5.052000	0.768760	0.768760
5.054000	0.767180	0.767180
5.056000	0.769076	0.769076
5.058000	0.770340	0.770340
5.060000	0.768128	0.768128
5.062000	0.769708	0.769708
5.064000	0.770024	0.770024
5.066000	0.768128	0.768128
5.068000	0.767812	0.767812
5.070000	0.768444	0.768444
5.072000	0.769076	0.769076
5.074000	0.767180	0.767180
5.076000	0.767496	0.767496
5.078000	0.767812	0.767812
5.080000	0.768444	0.768444
5.082000	0.768128	0.768128
5.084000	0.770024	0.770024
5.086000	0.769076	0.769076
5.088000	0.767812	0.767812
5.090000	0.769076	0.769076
5.092000	0.768760	0.768760
5.094000	0.767180	0.767180
5.096000	0.768444	0.768444
5.098000	0.768760	0.768760
5.100000	0.768128	0.768128
5.102000	0.767180	0.767180
5.104000	0.768444	0.768444
5.106000	0.768128	0.768128
5.108000	0.768760	0.768760
5.110000	0.768760	0.768760
5.112000	0.768444	0.768444
5.114000	0.767812	0.767812
5.116000	0.768128	0.768128
5.118000	0.769392	0.769392
5.120000	0.769708	0.769708
5.122000	0.768760	0.768760
5.124000	0.770024	0.770024
5.126000	0.768444	0.768444
5.128000	0.768760	0.768760
5.130000	0.768128	0.768128
5.132000	0.767496	0.767496
5.134000	0.767496	0.767496
5.136000	0.769392	0.769392
5.138000	0.768128	0.768128
5.140000	0.770024	0.770024
5.142000	0.769708	0.769708
5.144000	0.769392	0.769392
5.146000	0.768444	0.768444
5.148000	0.769392	0.769392
5.150000	0.768760	0.768760
5.152000	0.766863	0.766863
5.154000	0.768444	0.768444
5.156000	0.768128	0.768128
5.158000	0.768128	0.768128
5.160000	0.769708	0.769708
5.162000	0.768444	0.768444
5.164000	0.769076	0.769076
5.166000	0.767812	0.767812
5.168000	0.768760	0.768760
5.170000	0.768128	0.768128
5.172000	0.769392	0.769392
5.174000	0.767180	0.767180
5.176000	0.767812	0.767812
5.178000	0.768444	0.768444
5.180000	0.769708	0.769708
5.182000	0.767496	0.767496
5.184000	0.767496	0.767496
5.186000	0.767496	0.767496
5.188000	0.768760	0.768760
5.190000	0.769708	0.769708
5.192000	0.768128	0.768128
5.194000	0.766547	0.766547
5.196000	0.767812	0.767812
5.198000	0.767812	0.767812
5.200000	0.768128	0.768128
5.202000	0.768760	0.768760
5.204000	0.772237	0.772237
5.206000	0.771920	0.771920
5.208000	0.772237	0.772237
5.210000	0.770656	0.770656
5.212000	0.768444	0.768444
5.214000	0.768128	0.768128
5.216000	0.770972	0.770972
5.218000	0.771288	0.771288
5.220000	0.773817	0.773817
5.222000	0.771920	0.771920
5.224000	0.770024	0.770024
5.226000	0.769392	0.769392
5.228000	0.769076	0.769076
5.230000	0.767496	0.767496
5.232000	0.768444	0.768444
5.234000	0.771288	0.771288
5.236000	0.771288	0.771288
5.238000	0.771288	0.771288
5.240000	0.772553	0.772553
5.242000	0.773185	0.773185
5.244000	0.773501	0.773501
5.246000	0.769076	0.769076
5.248000	0.772553	0.772553
5.250000	0.773185	0.773185
5.252000	0.772553	0.772553
5.254000	0.772553	0.772553
5.256000	0.774133	0.774133
5.258000	0.773185	0.773185
5.260000	0.774765	0.774765
5.262000	0.774449	0.774449
5.264000	0.774133	0.774133
5.266000	0.772553	0.772553
5.268000	0.772553	0.772553
5.270000	0.771604	0.771604
5.272000	0.772869	0.772869
5.274000	0.772553	0.772553
5.276000	0.772869	0.772869
5.278000	0.772553	0.772553
5.280000	0.772553	0.772553
5.282000	0.773185	0.773185
5.284000	0.778874	0.778874
5.286000	0.782667	0.782667
5.288000	0.784879	0.784879
5.290000	0.782667	0.782667
5.292000	0.780138	0.780138
5.294000	0.777926	0.777926
5.296000	0.782667	0.782667
5.298000	0.782667	0.782667
5.300000	0.782667	0.782667
5.302000	0.779506	0.779506
5.304000	0.779506	0.779506
5.306000	0.780770	0.780770
5.308000	0.782351	0.782351
5.310000	0.782667	0.782667
5.312000	0.781402	0.781402
5.314000	0.780138	0.780138
5.316000	0.780138	0.780138
5.318000	0.782035	0.782035
5.320000	0.781719	0.781719
5.322000	0.779506	0.779506
5.324000	0.778874	0.778874
5.326000	0.778558	0.778558
5.328000	0.781402	0.781402
5.330000	0.783299	0.783299
5.332000	0.781086	0.781086
5.334000	0.778242	0.778242
5.336000	0.778558	0.778558
5.338000	0.780138	0.780138
5.340000	0.782035	0.782035
5.342000	0.782035	0.782035
5.344000	0.780770	0.780770
5.346000	0.778242	0.778242
5.348000	0.780138	0.780138
5.350000	0.781086	0.781086
5.352000	0.784879	0.784879
5.354000	0.782351	0.782351
5.356000	0.777610	0.777610
5.358000	0.777294	0.777294
5.360000	0.780454	0.780454
5.362000	0.782667	0.782667
5.364000	0.782035	0.782035
5.366000	0.779506	0.779506
5.368000	0.778874	0.778874
5.370000	0.780454	0.780454
5.372000	0.782983	0.782983
5.374000	0.780770	0.780770
5.376000	0.782035	0.782035
5.378000	0.778242	0.778242
5.380000	0.780454	0.780454
5.382000	0.781402	0.781402
5.384000	0.782351	0.782351
5.386000	0.780138	0.780138
5.388000	0.777926	0.777926
5.390000	0.779822	0.779822
5.392000	0.780770	0.780770
5.394000	0.782667	0.782667
5.396000	0.781402	0.781402
5.398000	0.780454	0.780454
5.400000	0.777926	0.777926
5.402000	0.780138	0.780138
5.404000	0.780138	0.780138
5.406000	0.781719	0.781719
5.408000	0.780138	0.780138
5.410000	0.778874	0.778874
5.412000	0.779506	0.779506
5.414000	0.781719	0.781719
5.416000	0.780770	0.780770
5.418000	0.780770	0.780770
5.420000	0.778242	0.778242
5.422000	0.778558	0.778558
5.424000	0.780138	0.780138
5.426000	0.782667	0.782667
5.428000	0.781719	0.781719
5.430000	0.780454	0.780454
5.432000	0.779506	0.779506
5.434000	0.779822	0.779822
5.436000	0.781402	0.781402
5.438000	0.782667	0.782667
5.440000	0.782035	0.782035
5.442000	0.778242	0.778242
5.444000	0.779506	0.779506
5.446000	0.781402	0.781402
5.448000	0.782667	0.782667
5.450000	0.780770	0.780770
5.452000	0.779190	0.779190
5.454000	0.779822	0.779822
5.456000	0.781086	0.781086
5.458000	0.782667	0.782667
5.460000	0.781402	0.781402
5.462000	0.782351	0.782351
5.464000	0.780454	0.780454
5.466000	0.779822	0.779822
5.468000	0.781402	0.781402
5.470000	0.780454	0.780454
5.472000	0.779822	0.779822
5.474000	0.780138	0.780138
5.476000	0.781719	0.781719
5.478000	0.780454	0.780454
5.480000	0.781086	0.781086
5.482000	0.780454	0.780454
5.484000	0.778874	0.778874
5.486000	0.781086	0.781086
5.488000	0.781402	0.781402
5.490000	0.781086	0.781086
5.492000	0.781086	0.781086
5.494000	0.779190	0.779190
5.496000	0.780454	0.780454
5.498000	0.780454	0.780454
5.500000	0.782035	0.782035
5.502000	0.782667	0.782667
5.504000	0.779506	0.779506
5.506000	0.780454	0.780454
5.508000	0.779506	0.779506
5.510000	0.781402	0.781402
5.512000	0.782983	0.782983
5.514000	0.780770	0.780770
5.516000	0.780454	0.780454
5.518000	0.780454	0.780454
5.520000	0.782035	0.782035
5.522000	0.781086	0.781086
5.524000	0.781719	0.781719
5.526000	0.779822	0.779822
5.528000	0.779822	0.779822
5.530000	0.782035	0.782035
5.532000	0.781086	0.781086
5.534000	0.780770	0.780770
5.536000	0.781402	0.781402
5.538000	0.780454	0.780454
5.540000	0.780454	0.780454
5.542000	0.781402	0.781402
5.544000	0.780138	0.780138
5.546000	0.782035	0.782035
5.548000	0.779822	0.779822
5.550000	0.781086	0.781086
5.552000	0.780138	0.780138
5.554000	0.781086	0.781086
5.556000	0.779190	0.779190
5.558000	0.778874	0.778874
5.560000	0.778874	0.778874
5.562000	0.781402	0.781402
5.564000	0.780454	0.780454
5.566000	0.782035	0.782035
5.568000	0.781402	0.781402
5.570000	0.780454	0.780454
5.572000	0.780770	0.780770
5.574000	0.780454	0.780454
5.576000	0.782035	0.782035
5.578000	0.782351	0.782351
5.580000	0.780770	0.780770
5.582000	0.780770	0.780770
5.584000	0.780454	0.780454
5.586000	0.781719	0.781719
5.588000	0.781719	0.781719
5.590000	0.778558	0.778558
5.592000	0.781719	0.781719
5.594000	0.780138	0.780138
5.596000	0.780454	0.780454
5.598000	0.781402	0.781402
5.600000	0.780454	0.780454
5.602000	0.779822	0.779822
5.604000	0.778874	0.778874
5.606000	0.782983	0.782983
5.608000	0.779822	0.779822
5.610000	0.779506	0.779506
5.612000	0.779190	0.779190
5.614000	0.781086	0.781086
5.616000	0.781719	0.781719
5.618000	0.781402	0.781402
5.620000	0.781086	0.781086
5.622000	0.780138	0.780138
5.624000	0.780770	0.780770
5.626000	0.780138	0.780138
5.628000	0.781402	0.781402
5.630000	0.779822	0.779822
5.632000	0.781719	0.781719
5.634000	0.780454	0.780454
5.636000	0.780770	0.780770
5.638000	0.780454	0.780454
5.640000	0.782035	0.782035
5.642000	0.780454	0.780454
5.644000	0.780138	0.780138
5.646000	0.780138	0.780138
5.648000	0.781086	0.781086
5.650000	0.781719	0.781719
5.652000	0.781086	0.781086
5.654000	0.780454	0.780454
5.656000	0.779190	0.779190
5.658000	0.781086	0.781086
5.660000	0.780454	0.780454
5.662000	0.781086	0.781086
5.664000	0.780454	0.780454
5.666000	0.780454	0.780454
5.668000	0.780770	0.780770
5.670000	0.780454	0.780454
5.672000	0.781402	0.781402
5.674000	0.780138	0.780138
5.676000	0.779190	0.779190
5.678000	0.779822	0.779822
5.680000	0.779506	0.779506
5.682000	0.780138	0.780138
5.684000	0.781402	0.781402
5.686000	0.779822	0.779822
5.688000	0.780138	0.780138
5.690000	0.779822	0.779822
5.692000	0.781086	0.781086
5.694000	0.780138	0.780138
5.696000	0.779822	0.779822
5.698000	0.779190	0.779190
5.700000	0.781402	0.781402
5.702000	0.780454	0.780454
5.704000	0.781402	0.781402
5.706000	0.780770	0.780770
5.708000	0.780454	0.780454
5.710000	0.781086	0.781086
5.712000	0.780770	0.780770
5.714000	0.782983	0.782983
5.716000	0.781086	0.781086
5.718000	0.779506	0.779506
5.720000	0.782035	0.782035
5.722000	0.781402	0.781402
5.724000	0.781402	0.781402
5.726000	0.781402	0.781402
5.728000	0.781402	0.781402
5.730000	0.780770	0.780770
5.732000	0.780138	0.780138
5.734000	0.780770	0.780770
5.736000	0.781086	0.781086
5.738000	0.779822	0.779822
5.740000	0.779506	0.779506
5.742000	0.781402	0.781402
5.744000	0.780770	0.780770
5.746000	0.781719	0.781719
5.748000	0.780138	0.780138
5.750000	0.780770	0.780770
5.752000	0.780138	0.780138
5.754000	0.781086	0.781086
5.756000	0.780770	0.780770
5.758000	0.779822	0.779822
5.760000	0.779822	0.779822
5.762000	0.781719	0.781719
5.764000	0.779506	0.779506
5.766000	0.781402	0.781402
5.768000	0.779190	0.779190
5.770000	0.782035	0.782035
5.772000	0.780770	0.780770
5.774000	0.779506	0.779506
5.776000	0.780770	0.780770
5.778000	0.781402	0.781402
5.780000	0.778874	0.778874
5.782000	0.780770	0.780770
5.784000	0.780770	0.780770
5.786000	0.778874	0.778874
5.788000	0.782035	0.782035
5.790000	0.780770	0.780770
5.792000	0.782351	0.782351
5.794000	0.780454	0.780454
5.796000	0.781086	0.781086
5.798000	0.780770	0.780770
5.800000	0.779822	0.779822
5.802000	0.780138	0.780138
5.804000	0.780770	0.780770
5.806000	0.780770	0.780770
5.808000	0.781402	0.781402
5.810000	0.779822	0.779822
5.812000	0.781719	0.781719
5.814000	0.781402	0.781402
5.816000	0.780138	0.780138
5.818000	0.780138	0.780138
5.820000	0.781402	0.781402
5.822000	0.780454	0.780454
5.824000	0.780770	0.780770
5.826000	0.780138	0.780138
5.828000	0.779506	0.779506
5.830000	0.779822	0.779822
5.832000	0.779506	0.779506
5.834000	0.780138	0.780138
5.836000	0.781086	0.781086
5.838000	0.778874	0.778874
5.840000	0.782035	0.782035
5.842000	0.781086	0.781086
5.844000	0.779506	0.779506
5.846000	0.779506	0.779506
5.848000	0.780138	0.780138
5.850000	0.779822	0.779822
5.852000	0.781086	0.781086
5.854000	0.780770	0.780770
5.856000	0.781402	0.781402
5.858000	0.780138	0.780138
5.860000	0.780770	0.780770
5.862000	0.781402	0.781402
5.864000	0.778874	0.778874
5.866000	0.781402	0.781402
5.868000	0.781402	0.781402
5.870000	0.779506	0.779506
5.872000	0.779506	0.779506
5.874000	0.780454	0.780454
5.876000	0.781086	0.781086
5.878000	0.782035	0.782035
5.880000	0.780454	0.780454
5.882000	0.779822	0.779822
5.884000	0.779822	0.779822
5.886000	0.780138	0.780138
5.888000	0.780138	0.780138
5.890000	0.781086	0.781086
5.892000	0.781402	0.781402
5.894000	0.782667	0.782667
5.896000	0.781086	0.781086
5.898000	0.782035	0.782035
5.900000	0.778242	0.778242
5.902000	0.780138	0.780138
5.904000	0.780454	0.780454
5.906000	0.780138	0.780138
5.908000	0.781402	0.781402
5.910000	0.780138	0.780138
5.912000	0.779506	0.779506
5.914000	0.780454	0.780454
5.916000	0.782351	0.782351
5.918000	0.780138	0.780138
5.920000	0.781719	0.781719
5.922000	0.782351	0.782351
5.924000	0.781086	0.781086
5.926000	0.781086	0.781086
5.928000	0.780138	0.780138
5.930000	0.781086	0.781086
5.932000	0.781402	0.781402
5.934000	0.781402	0.781402
5.936000	0.779822	0.779822
5.938000	0.780138	0.780138
5.940000	0.782035	0.782035
5.942000	0.781086	0.781086
5.944000	0.780770	0.780770
5.946000	0.780138	0.780138
5.948000	0.782035	0.782035
5.950000	0.780138	0.780138
5.952000	0.780138	0.780138
5.954000	0.781402	0.781402
5.956000	0.781402	0.781402
5.958000	0.782035	0.782035
5.960000	0.779822	0.779822
5.962000	0.780138	0.780138
5.964000	0.780770	0.780770
5.966000	0.779822	0.779822
5.968000	0.779506	0.779506
5.970000	0.780454	0.780454
5.972000	0.778874	0.778874
5.974000	0.781402	0.781402
5.976000	0.780454	0.780454
5.978000	0.780770	0.780770
5.980000	0.779506	0.779506
5.982000	0.779822	0.779822
5.984000	0.780138	0.780138
5.986000	0.782351	0.782351
5.988000	0.779822	0.779822
5.990000	0.779506	0.779506
5.992000	0.781402	0.781402
5.994000	0.780454	0.780454
5.996000	0.779190	0.779190
5.998000	0.780454	0.780454
6.000000	0.780770	0.780770
6.002000	0.779822	0.779822
6.004000	0.779190	0.779190
6.006000	0.780138	0.780138
6.008000	0.781086	0.781086
6.010000	0.780770	0.780770
6.012000	0.780138	0.780138
6.014000	0.779822	0.779822
6.016000	0.780138	0.780138
6.018000	0.782351	0.782351
6.020000	0.779822	0.779822
6.022000	0.781402	0.781402
6.024000	0.779822	0.779822
6.026000	0.779506	0.779506
6.028000	0.780138	0.780138
6.030000	0.782351	0.782351
6.032000	0.781402	0.781402
6.034000	0.782351	0.782351
6.036000	0.781086	0.781086
6.038000	0.779822	0.779822
6.040000	0.780138	0.780138
6.042000	0.781402	0.781402
6.044000	0.781402	0.781402
6.046000	0.780454	0.780454
6.048000	0.779506	0.779506
6.050000	0.781402	0.781402
6.052000	0.779822	0.779822
6.054000	0.781719	0.781719
6.056000	0.779506	0.779506
6.058000	0.782667	0.782667
6.060000	0.779190	0.779190
6.062000	0.781086	0.781086
6.064000	0.780770	0.780770
6.066000	0.782035	0.782035
6.068000	0.780138	0.780138
6.070000	0.781719	0.781719
6.072000	0.779190	0.779190
6.074000	0.779506	0.779506
6.076000	0.782035	0.782035
6.078000	0.781086	0.781086
6.080000	0.781086	0.781086
6.082000	0.780138	0.780138
6.084000	0.780454	0.780454
6.086000	0.779506	0.779506
6.088000	0.781086	0.781086
6.090000	0.781402	0.781402
6.092000	0.780138	0.780138
6.094000	0.779506	0.779506
6.096000	0.778874	0.778874
6.098000	0.780454	0.780454
6.100000	0.781086	0.781086
6.102000	0.781086	0.781086
6.104000	0.778558	0.778558
6.106000	0.780454	0.780454
6.108000	0.781086	0.781086
6.110000	0.780138	0.780138
6.112000	0.777610	0.777610
6.114000	0.779506	0.779506
6.116000	0.780138	0.780138
6.118000	0.781086	0.781086
6.120000	0.779506	0.779506
6.122000	0.780138	0.780138
6.124000	0.780138	0.780138
6.126000	0.781402	0.781402
6.128000	0.780770	0.780770
6.130000	0.780454	0.780454
6.132000	0.778874	0.778874
6.134000	0.781086	0.781086
6.136000	0.780454	0.780454
6.138000	0.780770	0.780770
6.140000	0.779506	0.779506
6.142000	0.781402	0.781402
6.144000	0.780770	0.780770
6.146000	0.780770	0.780770
6.148000	0.781086	0.781086
6.150000	0.779822	0.779822
6.152000	0.780454	0.780454
6.154000	0.780138	0.780138
6.156000	0.780138	0.780138
6.158000	0.780138	0.780138
6.160000	0.780138	0.780138
6.162000	0.780454	0.780454
6.164000	0.780770	0.780770
6.166000	0.780770	0.780770
6.168000	0.780454	0.780454
6.170000	0.781402	0.781402
6.172000	0.780138	0.780138
6.174000	0.780454	0.780454
6.176000	0.779506	0.779506
6.178000	0.780454	0.780454
6.180000	0.781086	0.781086
6.182000	0.782035	0.782035
6.184000	0.778558	0.778558
6.186000	0.781086	0.781086
6.188000	0.779822	0.779822
6.190000	0.781402	0.781402
6.192000	0.780138	0.780138
6.194000	0.780770	0.780770
6.196000	0.781402	0.781402
6.198000	0.780454	0.780454
6.200000	0.780138	0.780138
6.202000	0.780770	0.780770
6.204000	0.781086	0.781086
6.206000	0.779822	0.779822
6.208000	0.780138	0.780138
6.210000	0.780454	0.780454
6.212000	0.778874	0.778874
6.214000	0.780770	0.780770
6.216000	0.781402	0.781402
6.218000	0.780138	0.780138
6.220000	0.780454	0.780454
6.222000	0.780770	0.780770
6.224000	0.779822	0.779822
6.226000	0.781086	0.781086
6.228000	0.779506	0.779506
6.230000	0.782035	0.782035
6.232000	0.780138	0.780138
6.234000	0.780138	0.780138
6.236000	0.779822	0.779822
6.238000	0.781086	0.781086
6.240000	0.780454	0.780454
6.242000	0.780770	0.780770
6.244000	0.780770	0.780770
6.246000	0.779822	0.779822
6.248000	0.782667	0.782667
6.250000	0.780138	0.780138
6.252000	0.781719	0.781719
6.254000	0.780770	0.780770
6.256000	0.781402	0.781402
6.258000	0.779506	0.779506
6.260000	0.781402	0.781402
6.262000	0.780454	0.780454
6.264000	0.780454	0.780454
6.266000	0.780770	0.780770
6.268000	0.780454	0.780454
6.270000	0.781719	0.781719
6.272000	0.781086	0.781086
6.274000	0.778874	0.778874
6.276000	0.781086	0.781086
6.278000	0.781086	0.781086
6.280000	0.781086	0.781086
6.282000	0.781719	0.781719
6.284000	0.780454	0.780454
6.286000	0.780138	0.780138
6.288000	0.780454	0.780454
6.290000	0.781086	0.781086
6.292000	0.779822	0.779822
6.294000	0.782351	0.782351
6.296000	0.780454	0.780454
6.298000	0.780138	0.780138
6.300000	0.780138	0.780138
6.302000	0.780138	0.780138
6.304000	0.779506	0.779506
6.306000	0.781402	0.781402
6.308000	0.779822	0.779822
6.310000	0.780770	0.780770
6.312000	0.780138	0.780138
6.314000	0.780770	0.780770
6.316000	0.781086	0.781086
6.318000	0.782667	0.782667
6.320000	0.781086	0.781086
6.322000	0.780770	0.780770
6.324000	0.780770	0.780770
6.326000	0.780138	0.780138
6.328000	0.781086	0.781086
6.330000	0.780138	0.780138
6.332000	0.781402	0.781402
6.334000	0.780454	0.780454
6.336000	0.781402	0.781402
6.338000	0.780138	0.780138
6.340000	0.779506	0.779506
6.342000	0.781402	0.781402
6.344000	0.779190	0.779190
6.346000	0.779822	0.779822
6.348000	0.780138	0.780138
6.350000	0.781086	0.781086
6.352000	0.780138	0.780138
6.354000	0.780138	0.780138
6.356000	0.782667	0.782667
6.358000	0.780138	0.780138
6.360000	0.780770	0.780770
6.362000	0.781402	0.781402
6.364000	0.781719	0.781719
6.366000	0.779822	0.779822
6.368000	0.779506	0.779506
6.370000	0.780138	0.780138
6.372000	0.780138	0.780138
6.374000	0.779506	0.779506
6.376000	0.780770	0.780770
6.378000	0.781086	0.781086
6.380000	0.780138	0.780138
6.382000	0.780454	0.780454
6.384000	0.780454	0.780454
6.386000	0.781719	0.781719
6.388000	0.779506	0.779506
6.390000	0.781086	0.781086
6.392000	0.780454	0.780454
6.394000	0.781402	0.781402
6.396000	0.780454	0.780454
6.398000	0.780454	0.780454
6.400000	0.780454	0.780454
6.402000	0.779822	0.779822
6.404000	0.780138	0.780138
6.406000	0.781402	0.781402
6.408000	0.780454	0.780454
6.410000	0.780138	0.780138
6.412000	0.780454	0.780454
6.414000	0.781086	0.781086
6.416000	0.780770	0.780770
6.418000	0.782035	0.782035
6.420000	0.779506	0.779506
6.422000	0.780770	0.780770
6.424000	0.781719	0.781719
6.426000	0.779506	0.779506
6.428000	0.781719	0.781719
6.430000	0.781086	0.781086
6.432000	0.780454	0.780454
6.434000	0.781719	0.781719
6.436000	0.782667	0.782667
6.438000	0.780770	0.780770
6.440000	0.778242	0.778242
6.442000	0.780454	0.780454
6.444000	0.781402	0.781402
6.446000	0.781402	0.781402
6.448000	0.780454	0.780454
6.450000	0.781086	0.781086
6.452000	0.781402	0.781402
6.454000	0.780454	0.780454
6.456000	0.779822	0.779822
6.458000	0.782351	0.782351
6.460000	0.780454	0.780454
6.462000	0.782667	0.782667
6.464000	0.782351	0.782351
6.466000	0.780770	0.780770
6.468000	0.780138	0.780138
6.470000	0.779506	0.779506
6.472000	0.781086	0.781086
6.474000	0.781719	0.781719
6.476000	0.782351	0.782351
6.478000	0.780454	0.780454
6.480000	0.780138	0.780138
6.482000	0.781402	0.781402
6.484000	0.780770	0.780770
6.486000	0.781086	0.781086
6.488000	0.781402	0.781402
6.490000	0.781402	0.781402
6.492000	0.780770	0.780770
6.494000	0.782035	0.782035
6.496000	0.779822	0.779822
6.498000	0.780138	0.780138
6.500000	0.781086	0.781086
6.502000	0.780454	0.780454
6.504000	0.780770	0.780770
6.506000	0.780770	0.780770
6.508000	0.781086	0.781086
6.510000	0.780454	0.780454
6.512000	0.780770	0.780770
6.514000	0.780770	0.780770
6.516000	0.781086	0.781086
6.518000	0.780454	0.780454
6.520000	0.780454	0.780454
6.522000	0.780770	0.780770
6.524000	0.780770	0.780770
6.526000	0.780138	0.780138
6.528000	0.781402	0.781402
6.530000	0.779822	0.779822
6.532000	0.781402	0.781402
6.534000	0.780454	0.780454
6.536000	0.781086	0.781086
6.538000	0.781402	0.781402
6.540000	0.781086	0.781086
6.542000	0.780770	0.780770
6.544000	0.780770	0.780770
6.546000	0.779190	0.779190
6.548000	0.780138	0.780138
6.550000	0.781086	0.781086
6.552000	0.782351	0.782351
6.554000	0.780138	0.780138
6.556000	0.781719	0.781719
6.558000	0.780138	0.780138
6.560000	0.780454	0.780454
6.562000	0.779190	0.779190
6.564000	0.780770	0.780770
6.566000	0.780454	0.780454
6.568000	0.780454	0.780454
6.570000	0.780770	0.780770
6.572000	0.779822	0.779822
6.574000	0.781402	0.781402
6.576000	0.780454	0.780454
6.578000	0.779506	0.779506
6.580000	0.781086	0.781086
6.582000	0.779506	0.779506
6.584000	0.780138	0.780138
6.586000	0.779190	0.779190
6.588000	0.781086	0.781086
6.590000	0.780454	0.780454
6.592000	0.781086	0.781086
6.594000	0.780138	0.780138
6.596000	0.780454	0.780454
6.598000	0.781402	0.781402
6.600000	0.782035	0.782035
6.602000	0.780770	0.780770
6.604000	0.781402	0.781402
6.606000	0.781402	0.781402
6.608000	0.781719	0.781719
6.610000	0.780138	0.780138
6.612000	0.779506	0.779506
6.614000	0.780770	0.780770
6.616000	0.781402	0.781402
6.618000	0.781086	0.781086
6.620000	0.781402	0.781402
6.622000	0.782035	0.782035
6.624000	0.780770	0.780770
6.626000	0.781086	0.781086
6.628000	0.780454	0.780454
6.630000	0.780138	0.780138
6.632000	0.780454	0.780454
6.634000	0.779822	0.779822
6.636000	0.781719	0.781719
6.638000	0.782035	0.782035
6.640000	0.779506	0.779506
6.642000	0.780138	0.780138
6.644000	0.780138	0.780138
6.646000	0.782035	0.782035
6.648000	0.780138	0.780138
6.650000	0.781086	0.781086
6.652000	0.781402	0.781402
6.654000	0.781719	0.781719
6.656000	0.782351	0.782351
6.658000	0.782351	0.782351
6.660000	0.779190	0.779190
6.662000	0.781086	0.781086
6.664000	0.779822	0.779822
6.666000	0.781719	0.781719
6.668000	0.780454	0.780454
6.670000	0.779506	0.779506
6.672000	0.780454	0.780454
6.674000	0.780138	0.780138
6.676000	0.780454	0.780454
6.678000	0.781719	0.781719
6.680000	0.780770	0.780770
6.682000	0.779822	0.779822
6.684000	0.780454	0.780454
6.686000	0.781402	0.781402
6.688000	0.780138	0.780138
6.690000	0.779822	0.779822
6.692000	0.780138	0.780138
6.694000	0.780138	0.780138
6.696000	0.779822	0.779822
6.698000	0.780770	0.780770
6.700000	0.780454	0.780454
6.702000	0.780138	0.780138
6.704000	0.781086	0.781086
6.706000	0.780138	0.780138
6.708000	0.779822	0.779822
6.710000	0.779506	0.779506
6.712000	0.780454	0.780454
6.714000	0.780138	0.780138
6.716000	0.782983	0.782983
6.718000	0.780454	0.780454
6.720000	0.781086	0.781086
6.722000	0.781402	0.781402
6.724000	0.780454	0.780454
6.726000	0.780454	0.780454
6.728000	0.779822	0.779822
6.730000	0.781402	0.781402
6.732000	0.781402	0.781402
6.734000	0.780138	0.780138
6.736000	0.781086	0.781086
6.738000	0.780454	0.780454
6.740000	0.780138	0.780138
6.742000	0.781086	0.781086
6.744000	0.780454	0.780454
6.746000	0.778242	0.778242
6.748000	0.780454	0.780454
6.750000	0.778874	0.778874
6.752000	0.781719	0.781719
6.754000	0.778874	0.778874
6.756000	0.781086	0.781086
6.758000	0.781719	0.781719
6.760000	0.781402	0.781402
6.762000	0.779822	0.779822
6.764000	0.780770	0.780770
6.766000	0.780138	0.780138
6.768000	0.781402	0.781402
6.770000	0.780454	0.780454
6.772000	0.779190	0.779190
6.774000	0.782035	0.782035
6.776000	0.781719	0.781719
6.778000	0.780454	0.780454
6.780000	0.781086	0.781086
6.782000	0.779822	0.779822
6.784000	0.782035	0.782035
6.786000	0.781402	0.781402
6.788000	0.780770	0.780770
6.790000	0.781402	0.781402
6.792000	0.780770	0.780770
6.794000	0.780138	0.780138
6.796000	0.781719	0.781719
6.798000	0.781402	0.781402
6.800000	0.780454	0.780454
6.802000	0.781719	0.781719
6.804000	0.782983	0.782983
6.806000	0.780138	0.780138
6.808000	0.780138	0.780138
6.810000	0.780454	0.780454
6.812000	0.781086	0.781086
6.814000	0.779822	0.779822
6.816000	0.779822	0.779822
6.818000	0.779822	0.779822
6.820000	0.780770	0.780770
6.822000	0.780770	0.780770
6.824000	0.781086	0.781086
6.826000	0.781719	0.781719
6.828000	0.781719	0.781719
6.830000	0.779506	0.779506
6.832000	0.780454	0.780454
6.834000	0.780454	0.780454
6.836000	0.781086	0.781086
6.838000	0.781402	0.781402
6.840000	0.780454	0.780454
6.842000	0.780138	0.780138
6.844000	0.779822	0.779822
6.846000	0.780454	0.780454
6.848000	0.780770	0.780770
6.850000	0.781402	0.781402
6.852000	0.780770	0.780770
6.854000	0.780454	0.780454
6.856000	0.780770	0.780770
6.858000	0.780770	0.780770
6.860000	0.780770	0.780770
6.862000	0.780138	0.780138
6.864000	0.780138	0.780138
6.866000	0.780138	0.780138
6.868000	0.779190	0.779190
6.870000	0.780770	0.780770
6.872000	0.778874	0.778874
6.874000	0.780138	0.780138
6.876000	0.779822	0.779822
6.878000	0.779822	0.779822
6.880000	0.780138	0.780138
6.882000	0.779506	0.779506
6.884000	0.780138	0.780138
6.886000	0.780454	0.780454
6.888000	0.780454	0.780454
6.890000	0.780454	0.780454
6.892000	0.780770	0.780770
6.894000	0.780770	0.780770
6.896000	0.780770	0.780770
6.898000	0.780454	0.780454
6.900000	0.778558	0.778558
6.902000	0.781719	0.781719
6.904000	0.780770	0.780770
6.906000	0.780770	0.780770
6.908000	0.780138	0.780138
6.910000	0.780454	0.780454
6.912000	0.780770	0.780770
6.914000	0.780454	0.780454
6.916000	0.780454	0.780454
6.918000	0.779822	0.779822
6.920000	0.780454	0.780454
6.922000	0.780770	0.780770
6.924000	0.781086	0.781086
6.926000	0.782035	0.782035
6.928000	0.780138	0.780138
6.930000	0.780454	0.780454
6.932000	0.781086	0.781086
6.934000	0.781719	0.781719
6.936000	0.780770	0.780770
6.938000	0.781719	0.781719
6.940000	0.779822	0.779822
6.942000	0.779822	0.779822
6.944000	0.779506	0.779506
6.946000	0.781086	0.781086
6.948000	0.781402	0.781402
6.950000	0.781086	0.781086
6.952000	0.779822	0.779822
6.954000	0.780770	0.780770
6.956000	0.779822	0.779822
6.958000	0.779822	0.779822
6.960000	0.779822	0.779822
6.962000	0.780454	0.780454
6.964000	0.782035	0.782035
6.966000	0.780770	0.780770
6.968000	0.782035	0.782035
6.970000	0.780138	0.780138
6.972000	0.780770	0.780770
6.974000	0.779506	0.779506
6.976000	0.780138	0.780138
6.978000	0.779506	0.779506
6.980000	0.779822	0.779822
6.982000	0.780770	0.780770
6.984000	0.781086	0.781086
6.986000	0.781086	0.781086
6.988000	0.780770	0.780770
6.990000	0.779506	0.779506
6.992000	0.781402	0.781402
6.994000	0.781719	0.781719
6.996000	0.780138	0.780138
6.998000	0.781086	0.781086
